0.3947392290249433 -1 0 0 0 0
0.9984580498866213 0 0 0 0 -1
1.8343764172335602 0 0 -1 0 0
2.2523356009070294 -1 0 0 0 0
3.8080725623582765 0 0 -1 0 0
4.20281179138322 0 -1 0 0 0
5.294149659863946 0 -1 0 -1 1
6.5712471655328795 0 -1 0 0 1
8.730702947845804 0 -1 1 0 1
9.566621315192744 0 -1 1 -1 0
10.448979591836734 0 -1 1 0 -1
11.493877551020407 0 -1 1 0 0
11.935056689342403 0 -1 -1 0 0
12.353015873015874 0 -1 0 0 0
15.580589569160997 0 0 0 0 -1
15.998548752834466 0 -1 0 -1 0
16.416507936507937 0 -1 -1 0 0
16.880907029478458 0 0 -1 -1 0
18.15800453514739 0 -1 0 0 0
19.202902494331067 0 -1 -1 1 0
20.48 0 0 -1 1 0
21.339138321995463 0 -1 0 1 0
21.78031746031746 0 -1 0 1 0
23.057414965986396 0 -1 0 0 0
24.125532879818593 0 0 0 -1 -1
25.007891156462584 0 -1 0 0 0
25.44907029478458 0 0 -1 0 0
26.05278911564626 0 -1 0 0 0
28.003265306122447 0 -1 0 -1 1
28.421224489795918 0 0 0 -1 1
30.55746031746032 0 -1 0 0 1
31.880997732426305 0 0 0 -1 1
32.275736961451244 0 -1 0 -1 0
33.78503401360544 0 -1 0 0 0
34.87637188208617 0 -1 0 -1 0
35.92126984126984 0 -1 0 -1 0
36.33922902494331 0 -1 -1 0 0
37.198367346938774 0 0 -1 -1 0
37.63954648526077 0 0 -1 0 0
38.47546485260771 0 0 -1 0 0
42.21387755102041 0 0 0 -1 -1
42.77115646258503 0 -1 -1 0 0
44.07147392290249 0 -1 0 0 -1
45.99873015873016 0 -1 -1 0 0
46.41668934240363 0 -1 -1 0 0
47.71700680272109 0 -1 -1 0 0
48.134965986394555 0 -1 0 -1 0
48.99410430839002 0 0 -1 0 -1
49.388843537414964 0 -1 -1 0 0
49.85324263038549 0 -1 0 0 -1
51.96625850340136 0 0 -1 -1 0
53.91673469387755 0 0 -1 0 0
54.35791383219954 0 -1 -1 0 0
54.77587301587302 0 -1 0 -1 0
55.193832199546485 0 -1 -1 0 0
56.49414965986394 0 -1 0 -1 0
57.330068027210885 0 0 -1 0 0
58.42140589569161 0 -1 0 0 0
59.04834467120181 0 0 -1 -1 0
59.90748299319728 0 0 -1 0 0
60.348662131519276 0 -1 0 0 -1
61.62575963718821 0 0 -1 0 0
63.135056689342406 0 -1 0 0 -1
63.55301587301587 0 -1 0 0 -1
65.50349206349206 0 0 -1 0 0
66.57160997732426 0 0 -1 0 0
67.43074829931973 0 -1 0 0 0
68.26666666666667 0 -1 0 0 -1
69.14902494331066 0 -1 0 0 0
70.93696145124717 0 0 0 0 -1
71.91219954648525 0 -1 0 0 0
72.33015873015873 0 0 -1 -1 0
72.77133786848073 0 -1 0 0 0
73.18929705215419 0 -1 1 0 0
74.46639455782314 0 -1 1 0 0
75.97569160997732 0 -1 1 0 0
77.67074829931973 0 0 -1 0 0
78.55310657596372 0 0 -1 -1 0
81.75746031746031 0 -1 0 0 0
82.61659863945579 0 -1 0 0 0
83.03455782312925 0 -1 -1 0 0
83.45251700680272 0 -1 0 0 0
84.35809523809523 0 0 -1 -1 0
86.819410430839 0 0 0 -1 0
88.63056689342403 0 -1 0 0 0
89.4897052154195 0 -1 0 -1 0
89.90766439909297 0 0 -1 -1 0
91.6259410430839 0 0 -1 0 -1
92.27609977324263 0 -1 0 0 0
95.71265306122449 0 0 -1 -1 0
98.91700680272109 0 -1 0 -1 0
99.33496598639456 0 0 0 -1 -1
100.84426303854875 0 -1 0 -1 0
102.77151927437642 0 0 0 -1 0
103.18947845804989 0 -1 -1 0 0
104.69877551020409 0 0 -1 0 0
106.81179138321995 0 0 -1 0 0
107.27619047619048 0 -1 0 0 -1
108.13532879818594 0 -1 0 0 -1
109.85360544217687 0 -1 0 0 0
111.1307029478458 0 0 -1 0 0
112.17560090702948 0 0 -1 0 0
112.64 0 -1 0 -1 0
114.56725623582767 0 -1 0 -1 0
116.28553287981859 0 -1 0 -1 0
116.70349206349206 0 -1 0 0 0
117.58585034013605 0 0 -1 0 -1
117.980589569161 0 -1 0 -1 0
118.421768707483 0 -1 0 0 -1
118.86294784580498 0 -1 0 -1 0
119.28090702947846 0 0 -1 0 -1
120.14004535147393 0 -1 0 -1 0
121.85832199546485 0 -1 0 0 0
122.27628117913832 0 -1 0 0 0
124.64471655328798 0 -1 0 0 -1
125.50385487528345 0 0 0 -1 0
125.9914739229025 0 0 0 -1 -1
127.64009070294784 0 0 -1 -1 0
128.4992290249433 0 0 -1 0 -1
128.91718820861678 0 0 -1 0 0
129.75310657596373 0 -1 0 -1 0
130.21750566893425 0 -1 0 0 -1
131.09986394557822 0 0 -1 -1 0
131.93578231292517 0 0 -1 -1 0
132.35374149659864 0 0 0 -1 -1
132.77170068027212 0 -1 0 0 0
133.44507936507935 0 -1 0 -1 0
135.1633560090703 0 0 -1 -1 0
135.99927437641725 0 -1 -1 0 0
136.44045351473923 0 0 0 -1 0
136.8584126984127 0 0 -1 0 0
137.69433106575963 0 0 -1 0 -1
139.85378684807256 0 0 -1 -1 0
140.27174603174603 0 -1 0 0 -1
140.71292517006802 0 -1 0 0 0
141.54884353741497 0 -1 -1 0 0
141.99002267573695 0 -1 -1 0 0
142.40798185941043 0 -1 0 0 0
142.84916099773244 0 -1 -1 1 0
143.66185941043085 0 -1 0 1 -1
144.12625850340137 0 -1 0 -1 0
144.56743764172336 0 -1 -1 0 0
144.98539682539683 0 0 -1 0 0
145.42657596371882 0 -1 0 0 0
146.05351473922903 0 -1 0 0 -1
146.49469387755101 0 0 -1 0 -1
147.33061224489796 0 0 -1 -1 0
147.77179138321995 0 -1 0 0 0
148.18975056689342 0 -1 0 0 -1
148.6309297052154 0 -1 -1 0 0
149.4900680272109 0 -1 0 0 0
149.90802721088434 0 -1 0 0 -1
150.76716553287983 0 -1 0 0 -1
151.20834467120181 0 -1 -1 0 0
151.6263038548753 0 0 -1 0 0
155.71301587301588 0 -1 0 -1 0
156.13097505668935 0 -1 0 0 -1
157.19909297052155 0 -1 -1 0 0
159.14956916099774 0 0 -1 -1 0
161.7037641723356 0 -1 0 -1 0
162.7718820861678 0 0 -1 0 -1
163.2130612244898 0 -1 0 0 -1
167.06757369614513 0 -1 0 0 -1
167.9267120181406 0 -1 0 -1 0
169.06448979591838 0 0 0 -1 -1
170.03972789115647 0 0 -1 0 0
171.10784580498867 0 0 -1 0 0
172.43138321995465 0 0 -1 0 -1
173.2905215419501 0 -1 0 0 -1
174.5443990929705 0 -1 -1 0 0
175.4267573696145 0 -1 0 0 -1
176.4948752834467 0 0 0 -1 0
177.3540136054422 0 0 -1 0 -1
179.49024943310658 0 -1 -1 0 0
179.93142857142857 0 0 -1 0 0
180.34938775510204 0 -1 0 0 0
181.6497052154195 0 -1 0 -1 0
182.50884353741498 0 0 -1 0 -1
183.3447619047619 0 0 -1 0 0
184.43609977324263 0 0 -1 -1 0
186.34013605442178 0 -1 0 0 -1
186.78131519274376 0 -1 0 -1 0
187.84943310657596 0 0 -1 0 -1
189.7766893424036 0 0 -1 -1 0
190.21786848072563 0 -1 0 -1 0
190.6358276643991 0 -1 0 0 -1
191.49496598639456 0 -1 0 0 -1
191.91292517006804 0 0 -1 -1 0
192.35410430839002 0 -1 0 -1 0
192.7720634920635 0 0 0 -1 0
193.8401814058957 0 -1 0 0 -1
194.28136054421768 0 -1 -1 0 0
194.7225396825397 0 0 -1 0 -1
195.99963718820862 0 0 -1 0 0
196.4175963718821 0 0 0 -1 0
196.83555555555554 0 0 -1 -1 0
197.27673469387756 0 -1 -1 0 0
198.34485260770975 0 -1 0 -1 0
200.2721088435374 0 -1 -1 0 0
201.13124716553287 0 -1 0 -1 0
201.99038548752836 0 -1 -1 0 0
202.43156462585034 0 0 -1 -1 0
202.84952380952382 0 -1 0 0 -1
203.24426303854875 0 0 -1 0 -1
203.70866213151928 0 -1 0 0 -1
204.12662131519275 0 -1 0 0 -1
204.9857596371882 0 -1 0 -1 0
205.4269387755102 0 -1 -1 0 0
206.0538775510204 0 0 -1 0 0
206.91301587301587 0 -1 0 -1 0
208.21333333333334 0 0 -1 0 0
208.60807256235827 0 0 -1 0 0
209.49043083900227 0 0 -1 0 -1
209.90839002267575 0 -1 0 0 -1
210.79074829931972 0 -1 0 0 -1
211.2087074829932 0 -1 -1 0 0
211.62666666666667 0 0 -1 0 -1
212.06784580498865 0 -1 0 -1 0
212.92698412698414 0 -1 0 -1 0
213.34494331065758 0 0 -1 0 -1
214.4130612244898 0 -1 0 -1 0
215.27219954648527 0 0 0 -1 0
216.13133786848073 0 -1 0 0 -1
216.5725170068027 0 -1 0 0 -1
217.6406349206349 0 -1 -1 0 0
221.2861678004535 0 -1 0 0 -1
221.704126984127 0 -1 -1 0 0
222.1685260770975 0 0 -1 0 -1
223.74748299319728 0 0 0 0 -1
227.11437641723356 0 0 0 0 -1