0.3947392290249433 0 0 0 0 -1
0.7662585034013606 0 -1 0 0 0
1.230657596371882 0 0 1 0 -1
1.8343764172335602 0 0 1 0 0
2.2523356009070294 0 0 1 0 -1
2.48453514739229 0 -1 1 0 0
3.9938321995464854 0 0 0 1 -1
4.20281179138322 0 -1 0 1 0
5.294149659863946 0 -1 0 1 1
5.921088435374149 0 -1 0 1 1
7.430385487528345 0 -1 1 0 1
8.730702947845804 0 -1 1 0 1
9.566621315192744 0 -1 1 -1 0
9.798820861678005 0 0 0 -1 -1
10.681179138321996 0 -1 0 0 -1
11.493877551020407 0 -1 -1 0 0
11.935056689342403 0 -1 -1 0 0
12.144036281179138 0 -1 0 0 0
13.02639455782313 0 0 0 -1 -1
15.580589569160997 0 0 0 0 -1
15.998548752834466 0 -1 0 -1 0
16.207528344671204 0 -1 0 0 -1
16.62548752834467 0 0 0 -1 0
16.880907029478458 0 0 -1 -1 0
18.15800453514739 0 -1 0 0 0
18.3437641723356 0 -1 0 1 0
19.853061224489796 0 -1 0 1 0
20.48 0 0 -1 1 1
21.339138321995463 0 -1 0 0 1
21.571337868480725 0 -1 0 0 1
22.01251700680272 0 0 0 -1 0
23.057414965986396 0 -1 0 0 0
24.125532879818593 0 0 0 -1 -1
24.33451247165533 0 -1 0 0 0
25.193650793650793 0 -1 0 0 0
25.44907029478458 0 0 -1 0 0
26.05278911564626 0 -1 0 0 0
27.144126984126984 0 0 1 0 0
28.212244897959184 0 -1 1 0 -1
28.421224489795918 0 0 1 -1 0
30.55746031746032 0 -1 1 0 -1
31.62557823129252 0 0 -1 -1 0
32.066757369614514 0 0 -1 -1 0
32.275736961451244 0 -1 0 -1 0
33.78503401360544 0 -1 0 0 0
34.202993197278914 0 -1 -1 0 0
35.062131519274374 0 -1 0 0 -1
35.92126984126984 0 -1 0 -1 0
36.33922902494331 0 -1 -1 0 0
36.989387755102044 0 -1 -1 0 0
37.40734693877551 0 -1 0 0 0
37.63954648526077 0 0 -1 0 0
38.47546485260771 0 0 -1 0 0
39.10240362811791 0 -1 0 0 0
42.5621768707483 0 0 -1 0 -1
42.77115646258503 0 -1 -1 0 0
44.07147392290249 0 -1 0 0 -1
45.348571428571425 0 0 0 -1 0
46.20770975056689 0 0 -1 -1 0
46.41668934240363 0 -1 -1 0 0
47.71700680272109 0 -1 -1 0 0
47.925986394557825 0 0 0 -1 0
48.34394557823129 0 -1 0 -1 0
48.99410430839002 0 0 -1 0 -1
49.388843537414964 0 -1 -1 0 0
49.64426303854875 0 0 -1 0 -1
50.48018140589569 0 -1 0 0 -1
51.96625850340136 0 0 -1 -1 0
53.91673469387755 0 0 -1 0 0
54.12571428571429 0 0 -1 -1 0
54.56689342403628 0 0 -1 0 0
54.77587301587302 0 -1 0 -1 0
55.193832199546485 0 -1 -1 0 0
56.28517006802721 0 0 -1 -1 0
57.14430839002267 0 0 -1 -1 0
57.330068027210885 0 0 -1 0 0
58.42140589569161 0 -1 0 0 0
58.792925170068024 0 0 -1 0 -1
59.69850340136055 0 -1 0 0 -1
59.90748299319728 0 0 -1 0 0
60.348662131519276 0 -1 0 0 -1
61.44 0 -1 0 -1 0
61.85795918367347 0 -1 -1 0 0
63.135056689342406 0 -1 0 0 -1
63.55301587301587 0 -1 0 0 -1
63.785215419501135 0 -1 0 0 -1
65.7124716553288 0 -1 -1 0 0
66.57160997732426 0 0 -1 0 0
67.43074829931973 0 -1 0 0 0
68.05768707482993 0 -1 -1 0 0
68.49886621315193 0 0 -1 0 0
69.14902494331066 0 -1 0 0 0
70.93696145124717 0 0 0 0 -1
71.70321995464853 0 0 -1 0 0
72.12117913832199 0 -1 0 0 0
72.33015873015873 0 0 -1 -1 0
72.77133786848073 0 -1 0 0 0
72.95709750566894 0 0 0 1 0
73.42149659863945 0 -1 0 1 0
74.46639455782314 0 -1 -1 1 1
75.97569160997732 0 -1 0 1 1
77.48498866213151 0 -1 0 0 1
78.34412698412699 0 -1 0 0 0
78.55310657596372 0 0 -1 -1 0
81.75746031746031 0 -1 0 0 0
82.38439909297053 0 -1 0 -1 0
82.84879818594105 0 -1 0 0 -1
83.03455782312925 0 -1 -1 0 0
83.45251700680272 0 -1 0 0 0
83.63827664399093 0 -1 0 0 -1
86.05315192743764 0 -1 -1 0 0
86.819410430839 0 0 0 -1 0
88.63056689342403 0 -1 0 0 0
89.28072562358277 0 0 -1 0 -1
89.69868480725624 0 -1 -1 0 0
89.90766439909297 0 0 -1 -1 0
91.6259410430839 0 0 -1 0 -1
91.81170068027211 0 -1 0 -1 0
95.06249433106576 0 0 -1 -1 0
95.71265306122449 0 0 -1 -1 0
98.91700680272109 0 -1 0 -1 0
99.14920634920635 0 -1 -1 0 0
99.56716553287981 0 -1 0 0 -1
100.84426303854875 0 -1 0 -1 0
102.77151927437642 0 0 0 -1 0
103.00371882086168 0 -1 0 -1 0
104.51301587301587 0 0 -1 -1 0
104.69877551020409 0 0 -1 0 0
106.81179138321995 0 0 -1 0 0
107.04399092970522 0 0 -1 -1 0
107.9263492063492 0 -1 0 -1 0
108.13532879818594 0 -1 0 0 -1
109.85360544217687 0 -1 0 0 0
110.06258503401361 0 -1 0 0 0
111.33968253968254 0 -1 0 -1 0
112.17560090702948 0 0 -1 0 0
112.64 0 -1 0 -1 0
112.84897959183674 0 -1 0 -1 0
114.7762358276644 0 0 -1 0 0
116.28553287981859 0 -1 0 -1 0
116.70349206349206 0 -1 0 0 0
117.33043083900226 0 0 -1 -1 0
117.77160997732426 0 -1 0 -1 0
117.980589569161 0 -1 0 -1 0
118.421768707483 0 -1 0 0 -1
118.63074829931973 0 -1 0 -1 0
119.07192743764172 0 0 -1 0 -1
119.28090702947846 0 0 -1 0 -1
120.14004535147393 0 -1 0 -1 0
120.55800453514739 0 -1 -1 0 0
122.06730158730159 0 -1 0 0 0
122.27628117913832 0 -1 0 0 0
124.64471655328798 0 -1 0 0 -1
124.85369614512472 0 -1 0 0 -1
125.71283446712017 0 0 -1 -1 0
125.9914739229025 0 0 0 -1 -1
127.64009070294784 0 0 -1 -1 0
128.3134693877551 0 -1 0 0 -1
128.70820861678004 0 -1 0 0 0
128.91718820861678 0 0 1 0 0
129.75310657596373 0 -1 1 -1 0
129.98530612244897 0 -1 1 0 0
130.91410430839002 0 0 -1 -1 0
131.09986394557822 0 0 -1 -1 0
131.93578231292517 0 0 -1 -1 0
132.16798185941042 0 0 -1 -1 0
132.5859410430839 0 0 -1 0 0
132.77170068027212 0 -1 0 0 0
133.44507936507935 0 -1 0 -1 0
134.07201814058956 0 0 -1 0 0
135.76707482993197 0 -1 0 0 0
135.99927437641725 0 -1 -1 0 0
136.44045351473923 0 0 0 -1 0
136.62621315192743 0 0 0 -1 0
137.0441723356009 0 -1 -1 0 0
137.69433106575963 0 0 -1 0 -1
139.85378684807256 0 0 -1 -1 0
140.0627664399093 0 -1 0 0 -1
140.45750566893423 0 -1 0 0 -1
140.71292517006802 0 -1 0 0 0
141.54884353741497 0 -1 -1 0 0
141.78104308390022 0 -1 0 0 0
142.1990022675737 0 0 -1 0 0
142.40798185941043 0 -1 0 0 0
142.84916099773244 0 -1 -1 1 0
143.05814058956915 0 -1 0 1 0
143.84761904761905 0 0 -1 1 0
144.12625850340137 0 -1 0 -1 0
144.56743764172336 0 -1 -1 0 0
144.75319727891156 0 -1 0 0 -1
145.21759637188208 0 -1 -1 0 0
145.42657596371882 0 -1 0 0 0
146.05351473922903 0 -1 0 0 -1
146.26249433106577 0 -1 -1 0 0
147.14485260770974 0 -1 0 -1 0
147.33061224489796 0 0 -1 -1 0
147.77179138321995 0 -1 0 0 0
148.00399092970522 0 -1 0 0 0
148.42195011337867 0 -1 0 0 -1
148.6309297052154 0 -1 -1 0 0
149.4900680272109 0 -1 0 0 0
149.72226757369614 0 -1 0 -1 0
150.11700680272108 0 -1 0 0 0
150.76716553287983 0 -1 0 0 -1
151.20834467120181 0 -1 -1 0 0
151.41732426303855 0 -1 -1 0 0
154.64489795918368 0 -1 0 -1 0
155.71301587301588 0 -1 0 -1 0
156.13097505668935 0 -1 0 0 -1
156.3631746031746 0 0 -1 0 0
158.70839002267573 0 0 -1 0 0
159.14956916099774 0 0 -1 -1 0
161.7037641723356 0 -1 0 -1 0
162.56290249433107 0 0 -1 0 0
163.00408163265305 0 0 -1 -1 0
163.2130612244898 0 -1 0 0 -1
167.06757369614513 0 -1 0 0 -1
167.7409523809524 0 0 -1 -1 0
168.78585034013605 0 -1 0 0 -1
169.06448979591838 0 0 0 -1 -1
170.03972789115647 0 0 -1 0 0
170.29514739229026 0 0 -1 -1 0
171.3168253968254 0 -1 0 0 -1
172.43138321995465 0 0 -1 0 -1
173.2905215419501 0 -1 0 0 -1
174.3354195011338 0 -1 -1 0 0
174.77659863945578 0 -1 0 0 -1
175.4267573696145 0 -1 0 0 -1
176.4948752834467 0 0 0 -1 0
176.70385487528344 0 -1 -1 0 0
179.28126984126985 0 0 -1 0 0
179.49024943310658 0 -1 -1 0 0
179.93142857142857 0 0 -1 0 0
180.1404081632653 0 -1 0 0 0
181.41750566893424 0 -1 0 0 -1
181.6497052154195 0 -1 0 -1 0
182.50884353741498 0 0 -1 0 -1
182.74104308390022 0 0 -1 0 -1
183.55374149659863 0 -1 0 -1 0
184.43609977324263 0 0 -1 -1 0
186.34013605442178 0 -1 0 0 -1
186.57233560090702 0 -1 -1 0 0
186.9902947845805 0 -1 -1 0 0
187.84943310657596 0 0 -1 0 -1
189.7766893424036 0 0 -1 -1 0
189.98566893424035 0 -1 0 0 -1
190.42684807256236 0 -1 -1 0 0
190.6358276643991 0 -1 0 0 -1
191.49496598639456 0 -1 0 0 -1
191.7039455782313 0 -1 0 0 -1
192.12190476190477 0 -1 -1 0 0
192.35410430839002 0 -1 0 -1 0
192.7720634920635 0 0 0 -1 0
193.21324263038548 0 -1 -1 0 0
194.07238095238094 0 -1 0 0 -1
194.28136054421768 0 -1 -1 0 0
194.7225396825397 0 0 -1 0 -1
195.7906575963719 0 0 -1 0 -1
196.20861678004536 0 0 -1 -1 0
196.4175963718821 0 0 0 -1 0
196.83555555555554 0 0 -1 -1 0
197.02131519274377 0 0 -1 -1 0
198.13587301587302 0 -1 0 0 -1
198.34485260770975 0 -1 0 -1 0
200.2721088435374 0 -1 -1 0 0
200.48108843537415 0 -1 0 0 -1
201.78140589569162 0 -1 0 -1 0
201.99038548752836 0 -1 -1 0 0
202.43156462585034 0 0 -1 -1 0
202.64054421768708 0 -1 0 0 -1
203.05850340136055 0 0 -1 0 -1
203.24426303854875 0 0 -1 0 -1
203.70866213151928 0 -1 0 0 -1
203.917641723356 0 -1 0 0 -1
204.77678004535147 0 0 -1 -1 0
204.9857596371882 0 -1 0 -1 0
205.4269387755102 0 -1 -1 0 0
205.84489795918367 0 -1 0 -1 0
206.70403628117913 0 -1 0 -1 0
206.91301587301587 0 -1 0 -1 0
208.21333333333334 0 0 -1 0 0
208.42231292517008 0 0 -1 0 0
208.817052154195 0 0 -1 -1 0
209.49043083900227 0 0 -1 0 -1
209.90839002267575 0 -1 0 0 -1
210.09414965986394 0 0 -1 0 -1
210.99972789115645 0 -1 -1 0 0
211.2087074829932 0 -1 -1 0 0
211.62666666666667 0 0 -1 0 -1
211.85886621315194 0 0 -1 0 0
212.2768253968254 0 -1 0 0 -1
212.92698412698414 0 -1 0 -1 0
213.34494331065758 0 0 -1 0 -1
214.20408163265307 0 -1 0 0 -1
214.62204081632652 0 -1 -1 0 0
215.27219954648527 0 0 0 -1 0
216.13133786848073 0 -1 0 0 -1
216.34031746031746 0 -1 0 0 -1
217.43165532879817 0 0 -1 0 0
217.6406349206349 0 -1 -1 0 0
221.2861678004535 0 -1 0 0 -1
221.49514739229025 0 -1 0 -1 0
221.93632653061223 0 0 -1 0 0
222.1685260770975 0 0 -1 0 -1
223.74748299319728 0 0 0 0 -1
225.39609977324264 0 0 0 0 -1
227.46267573696144 0 0 0 0 -1