0.603718820861678 1
0.8126984126984127 1
1.6486167800453515 1
2.8792743764172335 1
3.274013605442177 1
3.4829931972789114 1
4.08671201814059 1
4.713650793650793 1
5.363809523809524 5
5.526349206349207 2
5.735328798185941 2
5.944308390022676 2
7.174965986394557 2
7.383945578231293 2
9.868480725623582 2
10.65795918367347 2
11.493877551020407 2
11.702857142857143 6
11.95827664399093 3
12.329795918367347 3
12.747755102040816 3
12.933514739229025 3
13.142494331065759 3
13.351473922902494 3
13.537233560090703 3
13.746213151927437 3
14.373151927437641 5
14.814331065759637 4
15.185850340136055 4
15.371609977324264 4
15.62702947845805 4
16.021768707482995 4
16.62548752834467 4
16.834467120181404 4
17.020226757369613 4
17.22920634920635 6
17.438185941043084 1
18.06512471655329 1
18.250884353741498 1
18.901043083900227 1
19.29578231292517 1
21.153378684807254 1
21.385578231292516 1
21.71065759637188 1
21.966077097505668 5
22.6162358276644 2
23.010975056689343 2
23.823673469387757 2
24.009433106575965 2
24.288072562358277 2
24.427392290249433 2
24.68281179138322 2
25.240090702947846 2
25.472290249433108 6
25.890249433106575 3
26.308208616780046 3
26.679727891156464 3
26.888707482993198 3
27.724625850340136 3
28.142585034013607 3
28.53732426303855 3
28.955283446712016 3
29.373242630385487 5
29.76798185941043 4
29.976961451247167 4
30.418140589569163 4
31.02185941043084 4
31.62557823129252 4
31.834557823129252 4
32.066757369614514 4
32.25251700680272 4
32.64725623582766 6
33.041995464852604 1
33.274195011337866 1
33.66893424036281 1
33.877913832199546 1
34.13333333333333 1
34.29587301587301 1
35.131791383219955 1
35.75873015873016 1
36.26956916099773 5
36.33922902494331 2
36.548208616780045 2
36.75718820861678 2
36.989387755102044 2
37.17514739229025 2
37.68598639455782 2
38.40580498866213 2
38.638004535147395 2
38.8237641723356 6
39.00952380952381 3
39.42748299319728 3
39.65968253968254 3
40.147301587301584 3
40.867120181405895 3
41.07609977324263 3
41.28507936507936 3
41.88879818594104 3
42.0281179138322 5
42.09777777777778 4
42.515736961451246 4
42.63183673469388 4
42.74793650793651 4
42.91047619047619 4
43.119455782312926 4
44.09469387755102 4
44.72163265306123 4
44.7912925170068 6
44.977052154195015 1
45.11637188208617 1
45.2324716553288 1
46.41668934240363 1
46.834648526077096 1
47.04362811791383 1
47.438367346938776 1
47.67056689342404 1
48.088526077097505 5
48.251065759637186 2
48.66902494331066 2
48.901224489795915 2
49.08698412698413 2
49.20308390022676 2
49.31918367346939 2
49.71392290249433 2
50.944580498866216 2
51.38575963718821 6
51.757278911564626 3
51.96625850340136 3
52.47709750566894 3
53.8702947845805 3
54.00961451247166 3
54.24181405895692 3
54.84553287981859 3
55.05451247165533 3
55.472471655328796 5
55.86721088435374 4
56.099410430839 4
56.47092970521542 4
56.679909297052156 4
56.888888888888886 4
57.14430839002267 4
57.51582766439909 4
57.91056689342403 4
58.32852607709751 6
58.746485260770974 1
59.16444444444444 1
59.582403628117916 1
59.97714285714286 1
60.441541950113375 1
61.045260770975055 1
61.41678004535147 1
61.811519274376415 1
62.461678004535145 5
62.87963718820862 2
63.065396825396824 2
63.27437641723356 2
63.715555555555554 2
63.901315192743766 2
64.1102947845805 2
64.52825396825396 2
64.71401360544218 2
64.89977324263039 6
66.36263038548753 3
66.57160997732426 3
70.28680272108843 3
70.47256235827665 3
70.98340136054422 3
71.26204081632653 3
71.40136054421768 3
71.70321995464853 3
72.2140589569161 5
72.33015873015873 4
73.11963718820861 4
74.16453514739229 4
74.76825396825397 4
75.39519274376417 4
75.99891156462586 4
77.04380952380953 4
77.67074829931973 4
78.0887074829932 6
78.25124716553287 1
79.52834467120181 1
79.89986394557823 1
80.52680272108843 1
81.15374149659864 1
81.36272108843538 1
82.38439909297053 1
82.59337868480726 1
82.70947845804989 5
82.80235827664399 2
83.61505668934241 2
84.03301587301587 2
84.17233560090703 2
85.26367346938775 2
85.6584126984127 2
85.89061224489797 2
86.91229024943311 2
87.72498866213152 6
88.14294784580498 3
88.53768707482993 3
90.00054421768708 3
91.02222222222223 3
91.6259410430839 3
92.43863945578231 3
92.64761904761905 3
92.87981859410431 3
93.06557823129252 5
93.48353741496598 4
94.11047619047619 4
94.27301587301588 4
94.64453514739229 4
95.22503401360544 4
95.73587301587301 4
96.36281179138322 4
96.75755102040816 4
96.9665306122449 6
97.3148299319728 1
97.4077097505669 1
97.6863492063492 1
97.8488888888889 1
98.40616780045352 1
98.52226757369614 1
99.03310657596371 1
99.42784580498866 1
100.05478458049886 5
100.68172335600907 2
101.07646258503401 2
101.6801814058957 2
101.93560090702948 2
102.72507936507937 2
102.9340589569161 2
103.16625850340137 2
103.32879818594104 2
103.53777777777778 6
103.97895691609978 3
104.14149659863945 3
104.37369614512471 3
105.39537414965986 3
105.99909297052154 3
107.02077097505669 3
107.64770975056689 3
108.2746485260771 3
108.3675283446712 5
112.17560090702948 4
112.59356009070295 4
112.80253968253969 4
113.22049886621315 4
113.40625850340136 4
114.00997732426303 4
114.9619954648526 4
115.65859410430839 4
116.14621315192744 6
118.32888888888888 1
119.16480725623583 1
119.62920634920636 1
119.97750566893424 1
120.48834467120182 1
120.81342403628118 1
120.99918367346939 1
121.41714285714286 1
121.62612244897959 5
121.8118820861678 2
122.02086167800454 2
122.94965986394558 2
123.06575963718821 2
123.27473922902495 2
123.69269841269842 2
124.11065759637188 2
124.27319727891157 2
124.71437641723357 6
124.92335600907029 3
125.08589569160998 3
125.31809523809524 3
125.92181405895691 3
126.1772335600907 3
126.66485260770975 3
126.78095238095239 3
126.96671201814058 3
127.57043083900227 5
127.8722902494331 4
128.33668934240362 4
128.80108843537414 4
129.03328798185942 4
129.21904761904761 4
129.42802721088435 4
130.07818594104307 4
130.31038548752835 4
130.47292517006804 6
130.68190476190478 1
131.49460317460318 1
132.2144217687075 1
132.3305215419501 1
132.72526077097507 1
133.18965986394556 1
134.002358276644 1
134.16489795918366 1
134.79183673469387 5
135.60453514739228 2
135.81351473922902 2
136.20825396825396 2
136.44045351473923 2
137.0441723356009 2
137.2995918367347 2
138.0890702947846 2
138.25160997732425 2
138.69278911564626 6
139.11074829931974 3
139.2732879818594 3
139.50548752834467 3
139.7144671201814 3
139.9002267573696 3
140.01632653061225 3
140.52716553287982 3
141.08444444444444 3
141.1308843537415 5
141.33986394557823 4
141.57206349206348 4
141.7578231292517 4
141.96680272108844 4
142.38476190476192 4
143.19746031746033 4
143.42965986394557 4
143.66185941043085 4
143.84761904761905 6
144.24235827664398 1
144.84607709750566 1
145.82131519274375 1
145.9374149659864 1
146.07673469387754 1
146.51791383219955 1
146.70367346938775 1
146.9126530612245 1
147.0984126984127 5
147.5628117913832 2
147.6324716553288 2
147.98077097505669 2
148.14331065759637 2
148.32907029478457 2
148.58448979591836 2
148.77024943310659 2
149.16498866213152 2
149.79192743764173 6
150.00090702947847 3
150.18666666666667 3
150.95292517006803 3
151.09224489795918 3
151.6263038548753 3
151.76562358276644 3
152.02104308390022 3
152.2532426303855 3
152.64798185941044 5
153.0659410430839 4
153.4374603174603 4
153.87863945578232 4
153.99473922902493 4
154.11083900226757 4
154.2965986394558 4
154.5055782312925 4
154.69133786848073 4
154.92353741496598 6
155.01641723356008 1
155.57369614512473 1
155.7362358276644 1
155.96843537414966 1
156.13097505668935 1
156.3631746031746 1
156.54893424036283 1
156.92045351473922 1
157.1526530612245 5
157.57061224489797 2
157.77959183673468 2
158.03501133786847 2
158.17433106575965 2
158.42975056689343 2
158.56907029478458 2
158.80126984126983 2
159.24244897959184 2
159.45142857142858 6
159.84616780045351 3
160.0319274376417 3
160.264126984127 3
160.47310657596373 3
160.68208616780046 3
160.86784580498866 3
161.1000453514739 3
161.28580498866214 3
161.49478458049887 5
162.72544217687076 4
162.84154195011337 4
162.91120181405896 4
163.0505215419501 4
163.16662131519274 4
163.58458049886622 4
164.9777777777778 4
165.18675736961453 4
165.39573696145123 6
165.7208163265306 1
166.02267573696145 1
166.44063492063492 1
166.6031746031746 1
168.6697505668934 1
169.0877097505669 1
169.48244897959182 1
169.73786848072564 1
169.99328798185942 5
170.15582766439908 2
170.55056689342405 2
172.22240362811792 2
172.36172335600907 2
173.197641723356 2
174.03356009070293 2
174.24253968253967 2
174.521179138322 2
174.82303854875283 6
175.03201814058957 3
175.5196371882086 3
175.6821768707483 3
175.86793650793652 3
176.28589569160997 3
176.6574149659864 3
176.88961451247167 3
177.12181405895691 3
178.3524716553288 5
178.538231292517 4
178.95619047619047 4
179.97786848072562 4
180.2332879818594 4
180.3958276643991 4
180.81378684807257 4
180.99954648526077 4
181.1156462585034 4
181.2085260770975 6
181.60326530612244 1
182.23020408163265 1
182.4391836734694 1
182.85714285714286 1
183.27510204081634 1
183.46086167800453 1
183.55374149659863 1
184.08780045351475 1
184.9469387755102 5
185.22557823129253 2
185.52743764172337 2
187.1760544217687 2
187.29215419501134 2
187.7797732426304 2
188.01197278911565 2
188.40671201814058 2
188.61569160997732 2
189.35873015873017 6
189.45160997732427 3
190.68226757369615 3
191.0770068027211 3
191.7039455782313 3
192.12190476190477 3
192.3308843537415 3
192.93460317460318 3
193.02748299319728 3
193.32934240362812 5
193.53832199546486 4
194.16526077097507 4
194.35102040816327 4
194.4903401360544 4
194.5832199546485 4
194.76897959183674 4
195.7906575963719 4
195.92997732426304 4
196.4175963718821 6
196.83555555555554 1
197.25351473922902 1
198.36807256235826 1
198.66993197278913 1
198.97179138321997 1
199.1807709750567 1
199.32009070294785 1
199.57551020408164 1
199.76126984126984 5
199.9934693877551 2
200.20244897959185 2
200.55074829931974 2
