0.603718820861678 1
0.9984580498866213 1
1.4164172335600906 1
1.8343764172335602 1
2.461315192743764 2
2.8792743764172335 2
3.274013605442177 2
4.527891156462585 3
4.922630385487528 2
5.363809523809524 4
5.735328798185941 3
6.15328798185941 2
7.082086167800454 3
7.383945578231293 2
7.662585034013605 4
7.987664399092971 1
8.335963718820862 4
9.032562358276644 2
9.450521541950113 2
9.868480725623582 2
10.054240362811791 1
10.448979591836734 1
11.493877551020407 2
11.95827664399093 4
12.329795918367347 2
12.747755102040816 3
13.142494331065759 3
13.444353741496599 4
13.839092970521541 4
14.814331065759637 2
15.185850340136055 3
15.62702947845805 3
16.021768707482995 2
16.34684807256236 4
16.92734693877551 4
17.22920634920635 2
17.69360544217687 3
18.06512471655329 2
18.250884353741498 1
18.901043083900227 2
20.108480725623583 2
20.317460317460316 1
21.5481179138322 1
21.78031746031746 4
22.175056689342405 3
23.010975056689343 2
23.405714285714286 2
23.754013605442175 4
24.009433106575965 1
24.427392290249433 2
24.845351473922904 1
25.240090702947846 2
25.472290249433108 3
25.658049886621317 1
25.98312925170068 4
26.308208616780046 2
26.679727891156464 3
27.30666666666667 1
28.142585034013607 2
28.53732426303855 2
28.955283446712016 2
31.346938775510203 4
32.64725623582766 2
35.34077097505669 2
36.33922902494331 1
37.05904761904762 4
37.68598639455782 4
38.31292517006803 4
38.8237641723356 3
39.00952380952381 3
39.42748299319728 2
39.84544217687075 2
40.44916099773243 2
41.4940589569161 2
41.67981859410431 1
42.91047619047619 1
43.23555555555556 4
43.83927437641724 4
44.09469387755102 4
44.72163265306123 4
44.977052154195015 1
46.20770975056689 1
47.04362811791383 2
47.85632653061224 1
48.251065759637186 1
49.08698412698413 2
49.31918367346939 3
49.71392290249433 3
50.24798185941043 4
50.41052154195011 4
50.73560090702948 1
51.13034013605442 1
51.38575963718821 3
51.757278911564626 3
52.59319727891157 3
54.00961451247166 1
55.05451247165533 3
56.099410430839 1
56.33160997732426 4
56.679909297052156 3
57.14430839002267 2
57.51582766439909 2
58.026666666666664 3
58.32852607709751 3
59.512743764172335 4
59.76816326530612 1
60.81306122448979 3
61.207800453514736 2
61.62575963718821 3
62.87963718820862 3
63.20471655328798 4
63.48335600907029 1
64.2960544217687 1
64.71401360544218 2
65.10875283446713 1
65.34095238095239 2
65.6195918367347 4
66.36263038548753 1
67.17532879818594 1
67.57006802721088 1
68.19700680272109 4
69.6366439909297 1
70.05460317460317 1
70.47256235827665 2
70.68154195011338 3
71.40136054421768 4
71.70321995464853 2
72.72489795918368 3
72.9338775510204 2
73.11963718820861 3
73.95555555555555 2
74.37351473922902 3
75.99891156462586 3
76.41687074829932 1
77.85650793650794 1
78.0887074829932 3
79.64444444444445 4
79.89986394557823 1
80.3178231292517 1
80.64290249433107 4
81.36272108843538 1
81.54848072562358 1
82.50049886621315 4
82.70947845804989 4
84.03301587301587 1
85.07791383219954 2
86.07637188208616 1
87.23736961451247 4
87.72498866213152 2
89.76834467120182 1
90.30240362811791 4
90.81324263038549 1
91.67238095238095 4
92.02068027210885 2
93.1352380952381 4
93.5764172335601 4
94.11047619047619 3
94.64453514739229 4
95.73587301587301 3
96.29315192743765 4
97.17551020408163 1
97.4077097505669 3
98.40616780045352 1
98.80090702947845 1
99.24208616780045 3
99.42784580498866 3
99.91546485260771 4
100.14766439909297 4
100.44952380952381 1
100.86748299319729 1
101.6801814058957 2
102.84117913832199 4
103.16625850340137 3
103.53777777777778 2
103.97895691609978 3
104.37369614512471 3
104.69877551020409 4
105.39537414965986 1
105.81333333333333 2
106.20807256235828 2
106.83501133786848 3
107.25297052154195 3
107.64770975056689 4
110.73596371882086 1
111.36290249433107 2
111.78086167800454 4
112.89541950113379 4
114.84589569160998 1
115.37995464852608 4
116.88925170068028 1
117.93414965986395 3
118.32888888888888 3
118.86294784580498 4
119.79174603174603 2
120.18648526077098 2
120.48834467120182 4
121.62612244897959 1
122.02086167800454 2
122.43882086167801 3
123.06575963718821 1
123.46049886621316 1
123.69269841269842 3
125.08589569160998 4
125.41097505668934 4
125.73605442176871 3
126.1772335600907 4
126.54875283446712 1
126.78095238095239 3
127.17569160997732 1
127.57043083900227 1
128.33668934240362 4
128.80108843537414 1
129.21904761904761 1
129.6370068027211 1
130.31038548752835 4
131.81968253968253 4
132.09832199546486 2
132.3305215419501 3
133.35219954648525 2
133.74693877551022 2
134.16489795918366 2
134.4667573696145 2
134.79183673469387 2
135.39555555555555 1
136.02249433106576 4
137.0441723356009 2
137.43891156462584 1
137.78721088435375 4
138.0890702947846 2
138.69278911564626 1
139.7144671201814 3
140.01632653061225 4
140.31818594104308 1
140.52716553287982 2
141.1308843537415 2
141.33986394557823 3
141.7578231292517 3
142.17578231292518 3
143.66185941043085 3
145.26403628117913 3
145.4962358276644 2
147.74857142857144 3
148.77024943310659 4
149.79192743764173 2
150.18666666666667 2
151.09224489795918 4
151.76562358276644 2
152.64798185941044 3
153.78575963718822 4
153.99473922902493 4
155.01641723356008 4
155.31827664399094 1
155.7362358276644 1
156.3631746031746 2
156.54893424036283 3
156.92045351473922 3
157.40807256235829 3
157.77959183673468 1
160.86784580498866 1
161.42512471655328 4
161.58766439909297 4
161.8895238095238 1
162.91120181405896 2
163.16662131519274 3
165.39573696145123 2
166.44063492063492 3
167.43909297052153 2
167.69451247165532 3
169.48244897959182 1
169.9004081632653 1
171.13106575963718 1
172.36172335600907 1
172.77968253968254 1
173.40662131519275 2
174.03356009070293 1
174.24253968253967 2
174.63727891156464 3
175.03201814058957 3
175.86793650793652 3
177.12181405895691 2
178.12027210884355 1
178.95619047619047 1
181.1156462585034 4
181.32462585034014 4
181.60326530612244 3
182.0908843537415 2
182.4391836734694 2
182.85714285714286 2
183.46086167800453 1
183.6930612244898 3
184.08780045351475 2
184.50575963718822 3
184.9469387755102 4
185.52743764172337 3
185.7364172335601 3
187.29215419501134 4
188.82467120181406 2
189.219410430839 1
189.45160997732427 3
190.68226757369615 4
191.7039455782313 2
192.81850340136054 4
193.32934240362812 2
193.7473015873016 1
193.95628117913833 3
194.35102040816327 3
194.5832199546485 2
195.39591836734695 3
195.60489795918366 3
195.7906575963719 1
196.02285714285713 3
196.6265759637188 1
197.43927437641725 1
198.36807256235826 4
199.57551020408164 3
