0.603718820861678 1
0.8126984126984127 1
1.6486167800453515 5
2.8792743764172335 2
3.274013605442177 2
3.4829931972789114 6
4.08671201814059 3
4.713650793650793 3
5.363809523809524 5
5.526349206349207 4
5.735328798185941 4
5.944308390022676 6
7.174965986394557 1
7.383945578231293 1
9.868480725623582 5
10.65795918367347 2
11.493877551020407 2
11.702857142857143 6
11.95827664399093 3
12.329795918367347 3
12.747755102040816 5
12.933514739229025 4
13.142494331065759 4
13.351473922902494 6
13.537233560090703 1
13.746213151927437 1
14.373151927437641 5
14.814331065759637 2
15.185850340136055 2
15.371609977324264 6
15.62702947845805 3
16.021768707482995 3
16.62548752834467 5
16.834467120181404 4
17.020226757369613 4
17.22920634920635 6
17.438185941043084 1
18.06512471655329 1
18.250884353741498 5
18.901043083900227 2
19.29578231292517 2
21.153378684807254 6
21.385578231292516 3
21.71065759637188 3
21.966077097505668 5
22.6162358276644 4
23.010975056689343 4
23.823673469387757 6
24.009433106575965 1
24.288072562358277 1
24.427392290249433 5
24.68281179138322 2
25.240090702947846 2
25.472290249433108 6
25.890249433106575 3
26.308208616780046 3
26.679727891156464 5
26.888707482993198 4
27.724625850340136 4
28.142585034013607 6
28.53732426303855 1
28.955283446712016 1
29.373242630385487 5
29.76798185941043 2
29.976961451247167 2
30.418140589569163 6
31.02185941043084 3
31.62557823129252 3
31.834557823129252 5
32.066757369614514 4
32.25251700680272 4
32.64725623582766 6
33.041995464852604 1
33.274195011337866 1
33.66893424036281 5
33.877913832199546 2
34.13333333333333 2
34.29587301587301 6
35.131791383219955 3
35.75873015873016 3
36.26956916099773 5
36.33922902494331 4
36.548208616780045 4
36.75718820861678 6
36.989387755102044 1
37.17514739229025 1
37.68598639455782 5
38.40580498866213 2
38.638004535147395 2
38.8237641723356 6
39.00952380952381 3
39.42748299319728 3
39.65968253968254 5
40.147301587301584 4
40.867120181405895 4
41.07609977324263 6
41.28507936507936 1
41.88879818594104 1
42.0281179138322 5
42.09777777777778 2
42.515736961451246 2
42.63183673469388 6
42.74793650793651 3
42.91047619047619 3
43.119455782312926 5
44.09469387755102 4
44.72163265306123 4
44.7912925170068 6
44.977052154195015 1
45.11637188208617 1
45.2324716553288 5
46.41668934240363 2
46.834648526077096 2
47.04362811791383 6
47.438367346938776 3
47.67056689342404 3
48.088526077097505 5
48.251065759637186 4
48.66902494331066 4
48.901224489795915 6
49.08698412698413 1
49.20308390022676 1
49.31918367346939 5
49.71392290249433 2
50.944580498866216 2
51.38575963718821 6
51.757278911564626 3
51.96625850340136 3
52.47709750566894 5
53.8702947845805 4
54.00961451247166 4
54.24181405895692 6
54.84553287981859 1
55.05451247165533 1
55.472471655328796 5
55.86721088435374 2
56.099410430839 2
56.47092970521542 6
56.679909297052156 3
56.888888888888886 3
57.14430839002267 5
57.51582766439909 4
57.91056689342403 4
58.32852607709751 6
58.746485260770974 1
59.16444444444444 1
59.582403628117916 5
59.97714285714286 2
60.441541950113375 2
61.045260770975055 6
61.41678004535147 3
61.811519274376415 3
62.461678004535145 5
62.87963718820862 4
63.065396825396824 4
63.27437641723356 6
63.715555555555554 1
63.901315192743766 1
64.1102947845805 5
64.52825396825396 2
64.71401360544218 2
64.89977324263039 6
66.36263038548753 3
66.57160997732426 3
70.28680272108843 5
70.47256235827665 4
70.98340136054422 4
71.26204081632653 6
71.40136054421768 1
71.70321995464853 1
72.2140589569161 5
72.33015873015873 2
73.11963718820861 2
74.16453514739229 6
74.76825396825397 3
75.39519274376417 3
75.99891156462586 5
77.04380952380953 4
77.67074829931973 4
78.0887074829932 6
78.25124716553287 1
79.52834467120181 1
79.89986394557823 5
80.52680272108843 2
81.15374149659864 2
81.36272108843538 6
82.38439909297053 3
82.59337868480726 3
82.70947845804989 5
82.80235827664399 4
83.61505668934241 4
84.03301587301587 6
84.17233560090703 1
85.26367346938775 1
85.6584126984127 5
85.89061224489797 2
86.91229024943311 2
87.72498866213152 6
88.14294784580498 3
88.53768707482993 3
90.00054421768708 5
91.02222222222223 4
91.6259410430839 4
92.43863945578231 6
92.64761904761905 1
92.87981859410431 1
93.06557823129252 5
93.48353741496598 2
94.11047619047619 2
94.27301587301588 6
94.64453514739229 3
95.22503401360544 3
95.73587301587301 5
96.36281179138322 4
96.75755102040816 4
96.9665306122449 6
97.3148299319728 1
97.4077097505669 1
97.6863492063492 5
97.8488888888889 2
98.40616780045352 2
98.52226757369614 6
99.03310657596371 3
99.42784580498866 3
100.05478458049886 5
100.68172335600907 4
101.07646258503401 4
101.6801814058957 6
101.93560090702948 1
102.72507936507937 1
102.9340589569161 5
103.16625850340137 2
103.32879818594104 2
103.53777777777778 6
103.97895691609978 3
104.14149659863945 3
104.37369614512471 5
105.39537414965986 4
105.99909297052154 4
107.02077097505669 6
107.64770975056689 1
108.2746485260771 1
108.3675283446712 5
112.17560090702948 2
112.59356009070295 2
112.80253968253969 6
113.22049886621315 3
113.40625850340136 3
114.00997732426303 5
114.9619954648526 4
115.65859410430839 4
116.14621315192744 6
118.32888888888888 1
119.16480725623583 1
119.62920634920636 5
119.97750566893424 2
120.48834467120182 2
120.81342403628118 6
120.99918367346939 3
121.41714285714286 3
121.62612244897959 5
121.8118820861678 4
122.02086167800454 4
122.94965986394558 6
123.06575963718821 1
123.27473922902495 1
123.69269841269842 5
124.11065759637188 2
124.27319727891157 2
124.71437641723357 6
124.92335600907029 3
125.08589569160998 3
125.31809523809524 5
125.92181405895691 4
126.1772335600907 4
126.66485260770975 6
126.78095238095239 1
126.96671201814058 1
127.57043083900227 5
127.8722902494331 2
128.33668934240362 2
128.80108843537414 6
129.03328798185942 3
129.21904761904761 3
129.42802721088435 5
130.07818594104307 4
130.31038548752835 4
130.47292517006804 6
130.68190476190478 1
131.49460317460318 1
132.2144217687075 5
132.3305215419501 2
132.72526077097507 2
133.18965986394556 6
134.002358276644 3
134.16489795918366 3
134.79183673469387 5
135.60453514739228 4
135.81351473922902 4
136.20825396825396 6
136.44045351473923 1
137.0441723356009 1
137.2995918367347 5
138.0890702947846 2
138.25160997732425 2
138.69278911564626 6
139.11074829931974 3
139.2732879818594 3
139.50548752834467 5
139.7144671201814 4
139.9002267573696 4
140.01632653061225 6
140.52716553287982 1
141.08444444444444 1
141.1308843537415 5
141.33986394557823 2
141.57206349206348 2
141.7578231292517 6
141.96680272108844 3
142.38476190476192 3
143.19746031746033 5
143.42965986394557 4
143.66185941043085 4
143.84761904761905 6
144.24235827664398 1
144.84607709750566 1
145.82131519274375 5
145.9374149659864 2
146.07673469387754 2
146.51791383219955 6
146.70367346938775 3
146.9126530612245 3
147.0984126984127 5
147.5628117913832 4
147.6324716553288 4
147.98077097505669 6
148.14331065759637 1
148.32907029478457 1
148.58448979591836 5
148.77024943310659 2
149.16498866213152 2
149.79192743764173 6
150.00090702947847 3
150.18666666666667 3
150.95292517006803 5
151.09224489795918 4
151.6263038548753 4
151.76562358276644 6
152.02104308390022 1
152.2532426303855 1
152.64798185941044 5
153.0659410430839 2
153.4374603174603 2
153.87863945578232 6
153.99473922902493 3
154.11083900226757 3
154.2965986394558 5
154.5055782312925 4
154.69133786848073 4
154.92353741496598 6
155.01641723356008 1
155.57369614512473 1
155.7362358276644 5
155.96843537414966 2
156.13097505668935 2
156.3631746031746 6
156.54893424036283 3
156.92045351473922 3
157.1526530612245 5
157.57061224489797 4
157.77959183673468 4
158.03501133786847 6
158.17433106575965 1
158.42975056689343 1
158.56907029478458 5
158.80126984126983 2
159.24244897959184 2
159.45142857142858 6
159.84616780045351 3
160.0319274376417 3
160.264126984127 5
160.47310657596373 4
160.68208616780046 4
160.86784580498866 6
161.1000453514739 1
161.28580498866214 1
161.49478458049887 5
162.72544217687076 2
162.84154195011337 2
162.91120181405896 6
163.0505215419501 3
163.16662131519274 3
163.58458049886622 5
164.9777777777778 4
165.18675736961453 4
165.39573696145123 6
165.7208163265306 1
166.02267573696145 1
166.44063492063492 5
166.6031746031746 2
168.6697505668934 2
169.0877097505669 6
169.48244897959182 3
169.73786848072564 3
169.99328798185942 5
170.15582766439908 4
170.55056689342405 4
172.22240362811792 6
172.36172335600907 1
173.197641723356 1
174.03356009070293 5
174.24253968253967 2
174.521179138322 2
174.82303854875283 6
175.03201814058957 3
175.5196371882086 3
175.6821768707483 5
175.86793650793652 4
176.28589569160997 4
176.6574149659864 6
176.88961451247167 1
177.12181405895691 1
178.3524716553288 5
178.538231292517 2
178.95619047619047 2
179.97786848072562 6
180.2332879818594 3
180.3958276643991 3
180.81378684807257 5
180.99954648526077 4
181.1156462585034 4
181.2085260770975 6
181.60326530612244 1
182.23020408163265 1
182.4391836734694 5
182.85714285714286 2
183.27510204081634 2
183.46086167800453 6
183.55374149659863 3
184.08780045351475 3
184.9469387755102 5
185.22557823129253 4
185.52743764172337 4
187.1760544217687 6
187.29215419501134 1
187.7797732426304 1
188.01197278911565 5
188.40671201814058 2
188.61569160997732 2
189.35873015873017 6
189.45160997732427 3
190.68226757369615 3
191.0770068027211 5
191.7039455782313 4
192.12190476190477 4
192.3308843537415 6
192.93460317460318 1
193.02748299319728 1
193.32934240362812 5
193.53832199546486 2
194.16526077097507 2
194.35102040816327 6
194.4903401360544 3
194.5832199546485 3
194.76897959183674 5
195.7906575963719 4
195.92997732426304 4
196.4175963718821 6
196.83555555555554 1
197.25351473922902 1
198.36807256235826 5
198.66993197278913 2
198.97179138321997 2
199.1807709750567 6
199.32009070294785 3
199.57551020408164 3
199.76126984126984 5
199.9934693877551 4
200.20244897959185 4
200.55074829931974 6
