0.603718820861678 1
0.8126984126984127 3
0.9984580498866213 1
1.3003174603174603 4
1.4164172335600906 1
1.6486167800453515 2
1.8343764172335602 1
2.089795918367347 4
2.461315192743764 2
2.647074829931973 1
2.8792743764172335 2
3.0650340136054424 1
3.274013605442177 2
4.08671201814059 2
4.527891156462585 3
4.713650793650793 1
4.922630385487528 2
5.108390022675737 1
5.363809523809524 4
5.526349206349207 1
5.735328798185941 3
5.944308390022676 1
6.15328798185941 2
6.965986394557823 2
7.082086167800454 3
7.174965986394557 1
7.383945578231293 2
7.569705215419501 1
7.662585034013605 4
7.801904761904762 3
7.987664399092971 1
8.219863945578231 2
8.335963718820862 4
8.800362811791382 1
9.032562358276644 2
9.218321995464853 1
9.450521541950113 2
9.636281179138322 1
9.868480725623582 2
9.961360544217687 4
10.054240362811791 1
10.24 2
10.448979591836734 1
11.284897959183674 1
11.493877551020407 2
11.702857142857143 1
11.95827664399093 4
12.097596371882085 1
12.329795918367347 2
12.515555555555556 1
12.747755102040816 3
12.933514739229025 1
13.142494331065759 3
13.351473922902494 2
13.444353741496599 4
13.746213151927437 2
13.839092970521541 4
14.55891156462585 1
14.814331065759637 2
14.97687074829932 1
15.185850340136055 3
15.371609977324264 1
15.62702947845805 3
15.789569160997733 1
16.021768707482995 2
16.207528344671204 1
16.34684807256236 4
16.834467120181404 3
16.92734693877551 4
17.020226757369613 1
17.22920634920635 2
17.438185941043084 1
17.69360544217687 3
17.856145124716555 1
18.06512471655329 2
18.18122448979592 3
18.250884353741498 1
18.483083900226756 3
18.901043083900227 2
19.29578231292517 3
20.108480725623583 2
20.224580498866214 4
20.317460317460316 1
20.805079365079365 4
21.5481179138322 1
21.71065759637188 3
21.78031746031746 4
21.966077097505668 1
22.175056689342405 3
22.77877551020408 1
23.010975056689343 2
23.196734693877552 1
23.405714285714286 2
23.61469387755102 1
23.754013605442175 4
23.823673469387757 2
24.009433106575965 1
24.288072562358277 4
24.427392290249433 2
24.68281179138322 3
24.845351473922904 1
25.193650793650793 4
25.240090702947846 2
25.379410430839002 4
25.472290249433108 3
25.588390022675735 4
25.658049886621317 1
25.890249433106575 3
25.98312925170068 4
26.076009070294784 1
26.308208616780046 2
26.470748299319727 1
26.679727891156464 3
26.888707482993198 2
27.30666666666667 1
27.39954648526077 4
28.142585034013607 2
28.35156462585034 1
28.53732426303855 2
28.723083900226758 4
28.955283446712016 2
31.02185941043084 1
31.346938775510203 4
32.46149659863946 1
32.64725623582766 2
35.131791383219955 3
35.34077097505669 2
36.26956916099773 4
36.33922902494331 1
36.548208616780045 2
37.05904761904762 4
37.17514739229025 3
37.68598639455782 4
37.802086167800454 2
38.31292517006803 4
38.75410430839002 4
38.8237641723356 3
38.91664399092971 4
39.00952380952381 3
39.10240362811791 4
39.42748299319728 2
39.65968253968254 3
39.84544217687075 2
40.054421768707485 3
40.44916099773243 2
41.28507936507936 1
41.4940589569161 2
41.61015873015873 4
41.67981859410431 1
42.09777777777778 2
42.91047619047619 1
43.119455782312926 3
43.23555555555556 4
43.32843537414966 2
43.83927437641724 4
43.97859410430839 3
44.09469387755102 4
44.55909297052154 1
44.72163265306123 4
44.7912925170068 3
44.977052154195015 1
45.789750566893424 1
46.20770975056689 1
46.41668934240363 2
47.04362811791383 2
47.13650793650794 4
47.85632653061224 1
48.088526077097505 3
48.251065759637186 1
49.017324263038546 4
49.08698412698413 2
49.20308390022676 4
49.31918367346939 3
49.504943310657595 1
49.71392290249433 3
49.80680272108844 4
50.24798185941043 4
50.31764172335601 2
50.41052154195011 4
50.54984126984127 3
50.73560090702948 1
50.944580498866216 2
51.13034013605442 1
51.316099773242634 4
51.38575963718821 3
51.54829931972789 1
51.757278911564626 3
52.47709750566894 4
52.59319727891157 3
52.98793650793651 2
54.00961451247166 1
54.24181405895692 2
55.05451247165533 3
55.86721088435374 2
56.099410430839 1
56.26195011337869 2
56.33160997732426 4
56.47092970521542 1
56.679909297052156 3
56.888888888888886 1
57.14430839002267 2
57.30684807256236 1
57.51582766439909 2
57.67836734693878 4
58.026666666666664 3
58.142766439909295 1
58.32852607709751 3
59.37342403628118 2
59.512743764172335 4
59.582403628117916 2
59.76816326530612 1
60.60408163265306 1
60.81306122448979 3
61.045260770975055 1
61.207800453514736 2
61.41678004535147 1
61.62575963718821 3
61.74185941043084 4
62.87963718820862 3
63.065396825396824 1
63.20471655328798 4
63.27437641723356 3
63.48335600907029 1
64.1102947845805 3
64.2960544217687 1
64.52825396825396 3
64.71401360544218 2
64.89977324263039 3
65.10875283446713 1
65.20163265306122 4
65.34095238095239 2
65.52671201814059 1
65.6195918367347 4
66.1536507936508 2
66.36263038548753 1
66.57160997732426 3
67.17532879818594 1
67.38430839002268 2
67.57006802721088 1
67.80226757369614 3
68.19700680272109 4
69.42766439909298 3
69.6366439909297 1
69.84562358276644 2
70.05460317460317 1
70.28680272108843 4
70.47256235827665 2
70.56544217687075 4
70.68154195011338 3
71.26204081632653 1
71.40136054421768 4
71.4942403628118 3
71.70321995464853 2
72.51591836734694 1
72.72489795918368 3
72.81777777777778 4
72.9338775510204 2
73.04997732426304 4
73.11963718820861 3
73.23573696145125 4
73.95555555555555 2
74.16453514739229 1
74.37351473922902 3
74.76825396825397 4
75.99891156462586 3
76.20789115646258 2
76.41687074829932 1
77.04380952380953 2
77.85650793650794 1
77.97260770975056 4
78.0887074829932 3
78.66920634920635 2
79.64444444444445 4
79.73732426303854 3
79.89986394557823 1
80.15528344671202 3
80.3178231292517 1
80.52680272108843 2
80.64290249433107 4
81.15374149659864 2
81.36272108843538 1
81.478820861678 4
81.54848072562358 1
81.68780045351474 4
82.50049886621315 4
82.59337868480726 1
82.70947845804989 4
83.19709750566894 1
84.03301587301587 1
84.17233560090703 4
85.07791383219954 2
85.89061224489797 2
86.07637188208616 1
86.2853514739229 2
87.23736961451247 4
87.53922902494331 3
87.72498866213152 2
87.86430839002267 4
89.76834467120182 1
90.00054421768708 4
90.30240362811791 4
90.72036281179139 4
90.81324263038549 1
91.6259410430839 3
91.67238095238095 4
91.83492063492064 3
92.02068027210885 2
93.06557823129252 2
93.1352380952381 4
93.48353741496598 3
93.5764172335601 4
93.69251700680272 2
94.11047619047619 3
94.27301587301588 1
94.64453514739229 4
95.52689342403629 1
95.73587301587301 3
96.13061224489796 1
96.29315192743765 4
96.36281179138322 2
97.17551020408163 1
97.3148299319728 4
97.4077097505669 3
97.57024943310658 1
98.40616780045352 1
98.52226757369614 4
98.80090702947845 1
99.03310657596371 2
99.24208616780045 3
99.33496598639456 4
99.42784580498866 3
99.6368253968254 2
99.91546485260771 4
100.05478458049886 3
100.14766439909297 4
100.2637641723356 2
100.44952380952381 1
100.68172335600907 3
100.86748299319729 1
101.07646258503401 4
101.6801814058957 2
101.93560090702948 4
102.84117913832199 4
102.9340589569161 2
103.16625850340137 3
103.32879818594104 1
103.53777777777778 2
103.74675736961451 1
103.97895691609978 3
104.14149659863945 1
104.37369614512471 3
104.55945578231292 1
104.69877551020409 4
105.09351473922902 4
105.39537414965986 1
105.5114739229025 3
105.81333333333333 2
105.99909297052154 3
106.20807256235828 2
106.62603174603174 2
106.83501133786848 3
107.02077097505669 1
107.25297052154195 3
107.43873015873015 1
107.64770975056689 4
108.66938775510204 1
110.73596371882086 1
111.15392290249433 3
111.36290249433107 2
111.54866213151928 1
111.78086167800454 4
111.96662131519274 1
112.89541950113379 4
114.63691609977325 2
114.84589569160998 1
115.24063492063492 1
115.37995464852608 4
116.79637188208616 4
116.88925170068028 1
117.09823129251701 4
117.93414965986395 3
118.14312925170069 2
118.32888888888888 3
118.74684807256236 2
118.86294784580498 4
119.62920634920636 4
119.79174603174603 2
119.97750566893424 3
120.18648526077098 2
120.37224489795918 1
120.48834467120182 4
121.13850340136054 3
121.62612244897959 1
121.8118820861678 4
122.02086167800454 2
122.22984126984127 1
122.43882086167801 3
122.64780045351473 1
123.06575963718821 1
123.27473922902495 2
123.46049886621316 1
123.5998185941043 4
123.69269841269842 3
124.27319727891157 3
125.08589569160998 4
125.31809523809524 3
125.41097505668934 4
125.52707482993198 2
125.73605442176871 3
125.92181405895691 2
126.1772335600907 4
126.36299319727891 2
126.54875283446712 1
126.66485260770975 4
126.78095238095239 3
126.96671201814058 2
127.17569160997732 1
127.38467120181406 2
127.57043083900227 1
128.19736961451247 1
128.33668934240362 4
128.4992290249433 2
128.80108843537414 1
129.03328798185942 3
129.21904761904761 1
129.42802721088435 3
129.6370068027211 1
129.77632653061224 4
130.31038548752835 4
130.86766439909297 1
131.81968253968253 4
131.88934240362812 3
132.09832199546486 2
132.2144217687075 4
132.3305215419501 3
132.72526077097507 4
133.35219954648525 2
133.53795918367348 1
133.74693877551022 2
134.002358276644 3
134.16489795918366 2
134.3738775510204 3
134.4667573696145 2
134.55963718820863 3
134.79183673469387 2
135.1865759637188 2
135.39555555555555 1
135.81351473922902 1
136.02249433106576 4
136.34757369614513 4
137.0441723356009 2
137.2995918367347 3
137.43891156462584 1
137.69433106575963 3
137.78721088435375 4
137.85687074829931 3
138.0890702947846 2
138.25160997732425 3
138.69278911564626 1
139.50548752834467 2
139.7144671201814 3
139.9002267573696 2
140.01632653061225 4
140.13242630385488 3
140.31818594104308 1
140.41106575963718 4
140.52716553287982 2
140.73614512471656 1
141.1308843537415 2
141.27020408163264 4
141.33986394557823 3
141.57206349206348 2
141.7578231292517 3
141.96680272108844 2
142.17578231292518 3
143.42965986394557 4
143.66185941043085 3
145.21759637188208 4
145.26403628117913 3
145.33369614512472 4
145.4962358276644 2
146.70367346938775 4
147.74857142857144 3
148.58448979591836 2
148.77024943310659 4
148.97922902494332 3
149.79192743764173 2
150.00090702947847 4
150.18666666666667 2
150.95292517006803 3
151.09224489795918 4
151.6263038548753 4
151.76562358276644 2
152.4390022675737 4
152.64798185941044 3
152.85696145124717 2
153.78575963718822 4
153.87863945578232 3
153.99473922902493 4
154.5055782312925 2
155.01641723356008 4
155.1092970521542 2
155.31827664399094 1
155.57369614512473 3
155.7362358276644 1
155.96843537414966 2
156.3631746031746 2
156.50249433106575 4
156.54893424036283 3
156.75791383219953 1
156.92045351473922 3
157.1526530612245 2
157.40807256235829 3
157.57061224489797 2
157.77959183673468 1
160.0319274376417 2
160.86784580498866 1
161.28580498866214 1
161.42512471655328 4
161.49478458049887 3
161.58766439909297 4
161.7037641723356 2
161.8895238095238 1
162.84154195011337 4
162.91120181405896 2
163.0505215419501 4
163.16662131519274 3
163.58458049886622 4
165.39573696145123 2
166.20843537414967 2
166.44063492063492 3
167.25333333333333 1
167.43909297052153 2
167.55519274376417 4
167.69451247165532 3
167.7641723356009 4
169.48244897959182 1
169.73786848072564 4
169.9004081632653 1
169.99328798185942 4
171.13106575963718 1
171.24716553287982 3
172.36172335600907 1
172.59392290249434 2
172.77968253968254 1
173.31374149659865 4
173.40662131519275 2
173.82458049886623 2
174.03356009070293 1
174.14965986394557 4
174.24253968253967 2
174.521179138322 4
174.63727891156464 3
174.82303854875283 1
175.03201814058957 3
175.26421768707482 1
175.86793650793652 3
176.88961451247167 3
177.12181405895691 2
177.93451247165532 2
178.12027210884355 1
178.3524716553288 2
178.95619047619047 1
179.76888888888888 1
181.1156462585034 4
181.2085260770975 3
181.32462585034014 4
181.41750566893424 1
181.60326530612244 3
181.8354648526077 1
182.0908843537415 2
182.23020408163265 1
182.4391836734694 2
182.67138321995463 1
182.85714285714286 2
183.27510204081634 3
183.46086167800453 1
183.55374149659863 4
183.6930612244898 3
183.878820861678 1
184.08780045351475 2
184.29678004535148 1
184.50575963718822 3
184.71473922902496 2
184.9469387755102 4
185.1094784580499 2
185.52743764172337 3
185.64353741496598 4
185.7364172335601 3
186.57233560090702 4
187.29215419501134 4
187.57079365079366 1
188.82467120181406 2
189.0336507936508 3
189.219410430839 1
189.35873015873017 4
189.45160997732427 3
190.45006802721088 1
190.68226757369615 4
191.6110657596372 4
191.7039455782313 2
192.5166439909297 1
192.81850340136054 4
192.93460317460318 1
193.32934240362812 2
193.53832199546486 3
193.7473015873016 1
193.86340136054423 4
193.95628117913833 3
194.16526077097507 1
194.35102040816327 3
194.4903401360544 4
194.5832199546485 2
194.76897959183674 3
195.39591836734695 3
195.48879818594105 4
195.60489795918366 3
195.6977777777778 4
195.7906575963719 1
195.92997732426304 4
196.02285714285713 3
196.4175963718821 4
196.6265759637188 1
196.71945578231293 4
197.43927437641725 1
197.64825396825398 3
198.36807256235826 4
198.66993197278913 3
199.57551020408164 3
