0.603718820861678 1
0.8126984126984127 1
1.6486167800453515 1
2.8792743764172335 1
3.274013605442177 5
3.4829931972789114 2
4.08671201814059 2
4.713650793650793 2
5.363809523809524 2
5.526349206349207 6
5.735328798185941 3
5.944308390022676 3
7.174965986394557 3
7.383945578231293 3
9.868480725623582 5
10.65795918367347 4
11.493877551020407 4
11.702857142857143 4
11.95827664399093 4
12.329795918367347 6
12.747755102040816 1
12.933514739229025 1
13.142494331065759 1
13.351473922902494 1
13.537233560090703 5
13.746213151927437 2
14.373151927437641 2
14.814331065759637 2
15.185850340136055 2
15.371609977324264 6
15.62702947845805 3
16.021768707482995 3
16.62548752834467 3
16.834467120181404 3
17.020226757369613 5
17.22920634920635 4
17.438185941043084 4
18.06512471655329 4
18.250884353741498 4
18.901043083900227 6
19.29578231292517 1
21.153378684807254 1
21.385578231292516 1
21.71065759637188 1
21.966077097505668 5
22.6162358276644 2
23.010975056689343 2
23.823673469387757 2
24.009433106575965 2
24.288072562358277 6
24.427392290249433 3
24.68281179138322 3
25.240090702947846 3
25.472290249433108 3
25.890249433106575 5
26.308208616780046 4
26.679727891156464 4
26.888707482993198 4
27.724625850340136 4
28.142585034013607 6
28.53732426303855 1
28.955283446712016 1
29.373242630385487 1
29.76798185941043 1
29.976961451247167 5
30.418140589569163 2
31.02185941043084 2
31.62557823129252 2
31.834557823129252 2
32.066757369614514 6
32.25251700680272 3
32.64725623582766 3
33.041995464852604 3
33.274195011337866 3
33.66893424036281 5
33.877913832199546 4
34.13333333333333 4
34.29587301587301 4
35.131791383219955 4
35.75873015873016 6
36.26956916099773 1
36.33922902494331 1
36.548208616780045 1
36.75718820861678 1
36.989387755102044 5
37.17514739229025 2
37.68598639455782 2
38.40580498866213 2
38.638004535147395 2
38.8237641723356 6
39.00952380952381 3
39.42748299319728 3
39.65968253968254 3
40.147301587301584 3
40.867120181405895 5
41.07609977324263 4
41.28507936507936 4
41.88879818594104 4
42.0281179138322 4
42.09777777777778 6
42.515736961451246 1
42.63183673469388 1
42.74793650793651 1
42.91047619047619 1
43.119455782312926 5
44.09469387755102 2
44.72163265306123 2
44.7912925170068 2
44.977052154195015 2
45.11637188208617 6
45.2324716553288 3
46.41668934240363 3
46.834648526077096 3
47.04362811791383 3
47.438367346938776 5
47.67056689342404 4
48.088526077097505 4
48.251065759637186 4
48.66902494331066 4
48.901224489795915 6
49.08698412698413 1
49.20308390022676 1
49.31918367346939 1
49.71392290249433 1
50.944580498866216 5
51.38575963718821 2
51.757278911564626 2
51.96625850340136 2
52.47709750566894 2
53.8702947845805 6
54.00961451247166 3
54.24181405895692 3
54.84553287981859 3
55.05451247165533 3
55.472471655328796 5
55.86721088435374 4
56.099410430839 4
56.47092970521542 4
56.679909297052156 4
56.888888888888886 6
57.14430839002267 1
57.51582766439909 1
57.91056689342403 1
58.32852607709751 1
58.746485260770974 5
59.16444444444444 2
59.582403628117916 2
59.97714285714286 2
60.441541950113375 2
61.045260770975055 6
61.41678004535147 3
61.811519274376415 3
62.461678004535145 3
62.87963718820862 3
63.065396825396824 5
63.27437641723356 4
63.715555555555554 4
63.901315192743766 4
64.1102947845805 4
64.52825396825396 6
64.71401360544218 1
64.89977324263039 1
66.36263038548753 1
66.57160997732426 1
70.28680272108843 5
70.47256235827665 2
70.98340136054422 2
71.26204081632653 2
71.40136054421768 2
71.70321995464853 6
72.2140589569161 3
72.33015873015873 3
73.11963718820861 3
74.16453514739229 3
74.76825396825397 5
75.39519274376417 4
75.99891156462586 4
77.04380952380953 4
77.67074829931973 4
78.0887074829932 6
78.25124716553287 1
79.52834467120181 1
79.89986394557823 1
80.52680272108843 1
81.15374149659864 5
81.36272108843538 2
82.38439909297053 2
82.59337868480726 2
82.70947845804989 2
82.80235827664399 6
83.61505668934241 3
84.03301587301587 3
84.17233560090703 3
85.26367346938775 3
85.6584126984127 5
85.89061224489797 4
86.91229024943311 4
87.72498866213152 4
88.14294784580498 4
88.53768707482993 6
90.00054421768708 1
91.02222222222223 1
91.6259410430839 1
92.43863945578231 1
92.64761904761905 5
92.87981859410431 2
93.06557823129252 2
93.48353741496598 2
94.11047619047619 2
94.27301587301588 6
94.64453514739229 3
95.22503401360544 3
95.73587301587301 3
96.36281179138322 3
96.75755102040816 5
96.9665306122449 4
97.3148299319728 4
97.4077097505669 4
97.6863492063492 4
97.8488888888889 6
98.40616780045352 1
98.52226757369614 1
99.03310657596371 1
99.42784580498866 1
100.05478458049886 5
100.68172335600907 2
101.07646258503401 2
101.6801814058957 2
101.93560090702948 2
102.72507936507937 6
102.9340589569161 3
103.16625850340137 3
103.32879818594104 3
103.53777777777778 3
103.97895691609978 5
104.14149659863945 4
104.37369614512471 4
105.39537414965986 4
105.99909297052154 4
107.02077097505669 6
107.64770975056689 1
108.2746485260771 1
108.3675283446712 1
112.17560090702948 1
112.59356009070295 5
112.80253968253969 2
113.22049886621315 2
113.40625850340136 2
114.00997732426303 2
114.9619954648526 6
115.65859410430839 3
116.14621315192744 3
118.32888888888888 3
119.16480725623583 3
119.62920634920636 5
119.97750566893424 4
120.48834467120182 4
120.81342403628118 4
120.99918367346939 4
121.41714285714286 6
121.62612244897959 1
121.8118820861678 1
122.02086167800454 1
122.94965986394558 1
123.06575963718821 5
123.27473922902495 2
123.69269841269842 2
124.11065759637188 2
124.27319727891157 2
124.71437641723357 6
124.92335600907029 3
125.08589569160998 3
125.31809523809524 3
125.92181405895691 3
126.1772335600907 5
126.66485260770975 4
126.78095238095239 4
126.96671201814058 4
127.57043083900227 4
127.8722902494331 6
128.33668934240362 1
128.80108843537414 1
129.03328798185942 1
129.21904761904761 1
129.42802721088435 5
130.07818594104307 2
130.31038548752835 2
130.47292517006804 2
130.68190476190478 2
131.49460317460318 6
132.2144217687075 3
132.3305215419501 3
132.72526077097507 3
133.18965986394556 3
134.002358276644 5
134.16489795918366 4
134.79183673469387 4
135.60453514739228 4
135.81351473922902 4
136.20825396825396 6
136.44045351473923 1
137.0441723356009 1
137.2995918367347 1
138.0890702947846 1
138.25160997732425 5
138.69278911564626 2
139.11074829931974 2
139.2732879818594 2
139.50548752834467 2
139.7144671201814 6
139.9002267573696 3
140.01632653061225 3
140.52716553287982 3
141.08444444444444 3
141.1308843537415 5
141.33986394557823 4
141.57206349206348 4
141.7578231292517 4
141.96680272108844 4
142.38476190476192 6
143.19746031746033 1
143.42965986394557 1
143.66185941043085 1
143.84761904761905 1
144.24235827664398 5
144.84607709750566 2
145.82131519274375 2
145.9374149659864 2
146.07673469387754 2
146.51791383219955 6
146.70367346938775 3
146.9126530612245 3
147.0984126984127 3
147.5628117913832 3
147.6324716553288 5
147.98077097505669 4
148.14331065759637 4
148.32907029478457 4
148.58448979591836 4
148.77024943310659 6
149.16498866213152 1
149.79192743764173 1
150.00090702947847 1
150.18666666666667 1
150.95292517006803 5
151.09224489795918 2
151.6263038548753 2
151.76562358276644 2
152.02104308390022 2
152.2532426303855 6
152.64798185941044 3
153.0659410430839 3
153.4374603174603 3
153.87863945578232 3
153.99473922902493 5
154.11083900226757 4
154.2965986394558 4
154.5055782312925 4
154.69133786848073 4
154.92353741496598 6
155.01641723356008 1
155.57369614512473 1
155.7362358276644 1
155.96843537414966 1
156.13097505668935 5
156.3631746031746 2
156.54893424036283 2
156.92045351473922 2
157.1526530612245 2
157.57061224489797 6
157.77959183673468 3
158.03501133786847 3
158.17433106575965 3
158.42975056689343 3
158.56907029478458 5
158.80126984126983 4
159.24244897959184 4
159.45142857142858 4
159.84616780045351 4
160.0319274376417 6
160.264126984127 1
160.47310657596373 1
160.68208616780046 1
160.86784580498866 1
161.1000453514739 5
161.28580498866214 2
161.49478458049887 2
162.72544217687076 2
162.84154195011337 2
162.91120181405896 6
163.0505215419501 3
163.16662131519274 3
163.58458049886622 3
164.9777777777778 3
165.18675736961453 5
165.39573696145123 4
165.7208163265306 4
166.02267573696145 4
166.44063492063492 4
166.6031746031746 6
168.6697505668934 1
169.0877097505669 1
169.48244897959182 1
169.73786848072564 1
169.99328798185942 5
170.15582766439908 2
170.55056689342405 2
172.22240362811792 2
172.36172335600907 2
173.197641723356 6
174.03356009070293 3
174.24253968253967 3
174.521179138322 3
174.82303854875283 3
175.03201814058957 5
175.5196371882086 4
175.6821768707483 4
175.86793650793652 4
176.28589569160997 4
176.6574149659864 6
176.88961451247167 1
177.12181405895691 1
178.3524716553288 1
178.538231292517 1
178.95619047619047 5
179.97786848072562 2
180.2332879818594 2
180.3958276643991 2
180.81378684807257 2
180.99954648526077 6
181.1156462585034 3
181.2085260770975 3
181.60326530612244 3
182.23020408163265 3
182.4391836734694 5
182.85714285714286 4
183.27510204081634 4
183.46086167800453 4
183.55374149659863 4
184.08780045351475 6
184.9469387755102 1
185.22557823129253 1
185.52743764172337 1
187.1760544217687 1
187.29215419501134 5
187.7797732426304 2
188.01197278911565 2
188.40671201814058 2
188.61569160997732 2
189.35873015873017 6
189.45160997732427 3
190.68226757369615 3
191.0770068027211 3
191.7039455782313 3
192.12190476190477 5
192.3308843537415 4
192.93460317460318 4
193.02748299319728 4
193.32934240362812 4
193.53832199546486 6
194.16526077097507 1
194.35102040816327 1
194.4903401360544 1
194.5832199546485 1
194.76897959183674 5
195.7906575963719 2
195.92997732426304 2
196.4175963718821 2
196.83555555555554 2
197.25351473922902 6
198.36807256235826 3
198.66993197278913 3
198.97179138321997 3
199.1807709750567 3
199.32009070294785 5
199.57551020408164 4
199.76126984126984 4
199.9934693877551 4
200.20244897959185 4
200.55074829931974 6
