6.037188208616780516e-01
8.126984126984126977e-01
1.648616780045351504e+00
2.879274376417233494e+00
3.274013605442176900e+00
3.482993197278911435e+00
4.086712018140589819e+00
4.713650793650793425e+00
5.363809523809523583e+00
5.526349206349206789e+00
5.735328798185941324e+00
5.944308390022675859e+00
7.174965986394557405e+00
7.383945578231292828e+00
9.868480725623582472e+00
1.065795918367346928e+01
1.149387755102040742e+01
1.170285714285714285e+01
1.195827664399092960e+01
1.232979591836734734e+01
1.274775510204081641e+01
1.293351473922902528e+01
1.314249433106575893e+01
1.335147392290249435e+01
1.353723356009070322e+01
1.374621315192743687e+01
1.437315192743764136e+01
1.481433106575963699e+01
1.518585034013605473e+01
1.537160997732426360e+01
1.562702947845805035e+01
1.602176870748299464e+01
1.662548752834467081e+01
1.683446712018140445e+01
1.702022675736961332e+01
1.722920634920635052e+01
1.743818594104308417e+01
1.806512471655328866e+01
1.825088435374149753e+01
1.890104308390022680e+01
1.929578231292516932e+01
2.115337868480725447e+01
2.138557823129251645e+01
2.171065759637188108e+01
2.196607709750566784e+01
2.261623582766440066e+01
2.301097505668934318e+01
2.382367346938775654e+01
2.400943310657596541e+01
2.428807256235827694e+01
2.442739229024943270e+01
2.468281179138321946e+01
2.524009070294784607e+01
2.547229024943310804e+01
2.589024943310657534e+01
2.630820861678004619e+01
2.667972789115646393e+01
2.688870748299319757e+01
2.772462585034013571e+01
2.814258503401360656e+01
2.853732426303854908e+01
2.895528344671201637e+01
2.937324263038548722e+01
2.976798185941042973e+01
2.997696145124716693e+01
3.041814058956916256e+01
3.102185941043083872e+01
3.162557823129251844e+01
3.183455782312925209e+01
3.206675736961451406e+01
3.225251700680271938e+01
3.264725623582766190e+01
3.304199546485260441e+01
3.327419501133786639e+01
3.366893424036280891e+01
3.387791383219954611e+01
3.413333333333333286e+01
3.429587301587301340e+01
3.513179138321995509e+01
3.575873015873015959e+01
3.626956916099773309e+01
3.633922902494330742e+01
3.654820861678004462e+01
3.675718820861678182e+01
3.698938775510204380e+01
3.717514739229024912e+01
3.768598639455782262e+01
3.840580498866213333e+01
3.863800453514739530e+01
3.882376417233560062e+01
3.900952380952381304e+01
3.942748299319728034e+01
3.965968253968254231e+01
4.014730158730158394e+01
4.086712018140589464e+01
4.107609977324263184e+01
4.128507936507936193e+01
4.188879818594104165e+01
4.202811791383219742e+01
4.209777777777777885e+01
4.251573696145124615e+01
4.263183673469387713e+01
4.274793650793650812e+01
4.291047619047618866e+01
4.311945578231292586e+01
4.409469387755102332e+01
4.472163265306122781e+01
4.479129251700680214e+01
4.497705215419501457e+01
4.511637188208617033e+01
4.523247165532880132e+01
4.641668934240362887e+01
4.683464852607709616e+01
4.704362811791383336e+01
4.743836734693877588e+01
4.767056689342403786e+01
4.808852607709750515e+01
4.825106575963718569e+01
4.866902494331066009e+01
4.890122448979591496e+01
4.908698412698412739e+01
4.920308390022675837e+01
4.931918367346938936e+01
4.971392290249433188e+01
5.094458049886621609e+01
5.138575963718820816e+01
5.175727891156462590e+01
5.196625850340136310e+01
5.247709750566893661e+01
5.387029478458050136e+01
5.400961451247165712e+01
5.424181405895691910e+01
5.484553287981859171e+01
5.505451247165532891e+01
5.547247165532879620e+01
5.586721088435373872e+01
5.609941043083900070e+01
5.647092970521541844e+01
5.667990929705215564e+01
5.688888888888888573e+01
5.714430839002267248e+01
5.751582766439909022e+01
5.791056689342403274e+01
5.832852607709750714e+01
5.874648526077097443e+01
5.916444444444444173e+01
5.958240362811791613e+01
5.997714285714285865e+01
6.044154195011337549e+01
6.104526077097505521e+01
6.141678004535147295e+01
6.181151927437641547e+01
6.246167800453514474e+01
6.287963718820861914e+01
6.306539682539682445e+01
6.327437641723356165e+01
6.371555555555555372e+01
6.390131519274376615e+01
6.411029478458050335e+01
6.452825396825396354e+01
6.471401360544217596e+01
6.489977324263038838e+01
6.636263038548753457e+01
6.657160997732425756e+01
7.028680272108843496e+01
7.047256235827664739e+01
7.098340136054422089e+01
7.126204081632653242e+01
7.140136054421768108e+01
7.170321995464853160e+01
7.221405895691610510e+01
7.233015873015872899e+01
7.311963718820861402e+01
7.416453514739228581e+01
7.476825396825397263e+01
7.539519274376417002e+01
7.599891156462585684e+01
7.704380952380952863e+01
7.767074829931972602e+01
7.808870748299320041e+01
7.825124716553287385e+01
7.952834467120180761e+01
7.989986394557823246e+01
8.052680272108842985e+01
8.115374149659864145e+01
8.136272108843537865e+01
8.238439909297052566e+01
8.259337868480726286e+01
8.270947845804988674e+01
8.280235827664398585e+01
8.361505668934240987e+01
8.403301587301587006e+01
8.417233560090703293e+01
8.526367346938775427e+01
8.565841269841270389e+01
8.589061224489796587e+01
8.691229024943311288e+01
8.772498866213152269e+01
8.814294784580498288e+01
8.853768707482993250e+01
9.000054421768707869e+01
9.102222222222222570e+01
9.162594104308389831e+01
9.243863945578230812e+01
9.264761904761904532e+01
9.287981859410430729e+01
9.306557823129251972e+01
9.348353741496597991e+01
9.411047619047619150e+01
9.427301587301587915e+01
9.464453514739228979e+01
9.522503401360543762e+01
9.573587301587301113e+01
9.636281179138322273e+01
9.675755102040815814e+01
9.696653061224489534e+01
9.731482993197279541e+01
9.740770975056689451e+01
9.768634920634920604e+01
9.784888888888889369e+01
9.840616780045351675e+01
9.852226757369614063e+01
9.903310657596371414e+01
9.942784580498866376e+01
1.000547845804988611e+02
1.006817233560090727e+02
1.010764625850340082e+02
1.016801814058956950e+02
1.019356009070294817e+02
1.027250793650793668e+02
1.029340589569161040e+02
1.031662585034013659e+02
1.033287981859410394e+02
1.035377777777777766e+02
1.039789569160997758e+02
1.041414965986394492e+02
1.043736961451247112e+02
1.053953741496598582e+02
1.059990929705215450e+02
1.070207709750566920e+02
1.076477097505668894e+02
1.082746485260771010e+02
1.083675283446712001e+02
1.121756009070294766e+02
1.125935600907029510e+02
1.128025396825396882e+02
1.132204988662131484e+02
1.134062585034013608e+02
1.140099773242630334e+02
1.149619954648526061e+02
1.156585941043083920e+02
1.161462131519274408e+02
1.183288888888888835e+02
1.191648072562358323e+02
1.196292063492063562e+02
1.199775056689342421e+02
1.204883446712018156e+02
1.208134240362811767e+02
1.209991836734693891e+02
1.214171428571428635e+02
1.216261224489795865e+02
1.218118820861677989e+02
1.220208616780045361e+02
1.229496598639455840e+02
1.230657596371882079e+02
1.232747392290249451e+02
1.236926984126984195e+02
1.241106575963718797e+02
1.242731972789115673e+02
1.247143764172335665e+02
1.249233560090702895e+02
1.250858956916099771e+02
1.253180952380952391e+02
1.259218140589569117e+02
1.261772335600906985e+02
1.266648526077097472e+02
1.267809523809523853e+02
1.269667120181405835e+02
1.275704308390022703e+02
1.278722902494331066e+02
1.283366893424036164e+02
1.288010884353741403e+02
1.290332879818594165e+02
1.292190476190476147e+02
1.294280272108843519e+02
1.300781859410430741e+02
1.303103854875283503e+02
1.304729251700680379e+02
1.306819047619047751e+02
1.314946031746031849e+02
1.322144217687074956e+02
1.323305215419501053e+02
1.327252607709750691e+02
1.331896598639455647e+02
1.340023582766440029e+02
1.341648979591836621e+02
1.347918367346938737e+02
1.356045351473922835e+02
1.358135147392290207e+02
1.362082539682539561e+02
1.364404535147392323e+02
1.370441723356009049e+02
1.372995918367346917e+02
1.380890702947845909e+02
1.382516099773242502e+02
1.386927891156462636e+02
1.391107482993197380e+02
1.392732879818593972e+02
1.395054875283446734e+02
1.397144671201814106e+02
1.399002267573696088e+02
1.400163265306122469e+02
1.405271655328798204e+02
1.410844444444444434e+02
1.411308843537414930e+02
1.413398639455782302e+02
1.415720634920634780e+02
1.417578231292517046e+02
1.419668027210884418e+02
1.423847619047619162e+02
1.431974603174603260e+02
1.434296598639455738e+02
1.436618594104308499e+02
1.438476190476190482e+02
1.442423582766439836e+02
1.448460770975056562e+02
1.458213151927437536e+02
1.459374149659863917e+02
1.460767346938775404e+02
1.465179138321995538e+02
1.467036734693877520e+02
1.469126530612244892e+02
1.470984126984126874e+02
1.475628117913832114e+02
1.476324716553287999e+02
1.479807709750566858e+02
1.481433106575963734e+02
1.483290702947845716e+02
1.485844897959183584e+02
1.487702494331065850e+02
1.491649886621315204e+02
1.497919274376417320e+02
1.500009070294784692e+02
1.501866666666666674e+02
1.509529251700680277e+02
1.510922448979591763e+02
1.516263038548752888e+02
1.517656235827664375e+02
1.520210430839002242e+02
1.522532426303855004e+02
1.526479818594104358e+02
1.530659410430839102e+02
1.534374603174603067e+02
1.538786394557823201e+02
1.539947392290249297e+02
1.541108390022675678e+02
1.542965986394557945e+02
1.545055782312925032e+02
1.546913378684807299e+02
1.549235374149659776e+02
1.550164172335600767e+02
1.555736961451247282e+02
1.557362358276643874e+02
1.559684353741496636e+02
1.561309750566893513e+02
1.563631746031745990e+02
1.565489342403628257e+02
1.569204535147392221e+02
1.571526530612244983e+02
1.575706122448979727e+02
1.577795918367346815e+02
1.580350113378684682e+02
1.581743310657596453e+02
1.584297505668934321e+02
1.585690702947845807e+02
1.588012698412698285e+02
1.592424489795918419e+02
1.594514285714285791e+02
1.598461678004535145e+02
1.600319274376417127e+02
1.602641269841269889e+02
1.604731065759637261e+02
1.606820861678004633e+02
1.608678458049886615e+02
1.611000453514739092e+02
1.612858049886621359e+02
1.614947845804988731e+02
1.627254421768707573e+02
1.628415419501133670e+02
1.629112018140589555e+02
1.630505215419501042e+02
1.631666213151927423e+02
1.635845804988662167e+02
1.649777777777777885e+02
1.651867573696145257e+02
1.653957369614512345e+02
1.657208163265306098e+02
1.660226757369614461e+02
1.664406349206349205e+02
1.666031746031746081e+02
1.686697505668934127e+02
1.690877097505668871e+02
1.694824489795918225e+02
1.697378684807256377e+02
1.699932879818594245e+02
1.701558276643990837e+02
1.705505668934240475e+02
1.722224036281179167e+02
1.723617233560090654e+02
1.731976417233560142e+02
1.740335600907029345e+02
1.742425396825396717e+02
1.745211791383219975e+02
1.748230385487528338e+02
1.750320181405895710e+02
1.755196371882086055e+02
1.756821768707482931e+02
1.758679365079365198e+02
1.762858956916099658e+02
1.766574149659863906e+02
1.768896145124716668e+02
1.771218140589569146e+02
1.783524716553287988e+02
1.785382312925169970e+02
1.789561904761904714e+02
1.799778684807256184e+02
1.802332879818594051e+02
1.803958276643990928e+02
1.808137868480725672e+02
1.809995464852607654e+02
1.811156462585034035e+02
1.812085260770975026e+02
1.816032653061224380e+02
1.822302040816326496e+02
1.824391836734693868e+02
1.828571428571428612e+02
1.832751020408163356e+02
1.834608616780045338e+02
1.835537414965986329e+02
1.840878004535147454e+02
1.849469387755102048e+02
1.852255782312925305e+02
1.855274376417233668e+02
1.871760544217686970e+02
1.872921541950113351e+02
1.877797732426303980e+02
1.880119727891156458e+02
1.884067120181405812e+02
1.886156916099773184e+02
1.893587301587301681e+02
1.894516099773242672e+02
1.906822675736961514e+02
1.910770068027210868e+02
1.917039455782312984e+02
1.921219047619047728e+02
1.923308843537415100e+02
1.929346031746031827e+02
1.930274829931972818e+02
1.933293424036281181e+02
1.935383219954648553e+02
1.941652607709750669e+02
1.943510204081632651e+02
1.944903401360544137e+02
1.945832199546485128e+02
1.947689795918367395e+02
1.957906575963718865e+02
1.959299773242630351e+02
1.964175963718820981e+02
1.968355555555555441e+02
1.972535147392290185e+02
1.983680725623582646e+02
1.986699319727891293e+02
1.989717913832199656e+02
1.991807709750567028e+02
1.993200907029478515e+02
1.995755102040816382e+02
1.997612698412698364e+02
1.999934693877551126e+02
2.002024489795918498e+02
2.005507482993197357e+02
