5.108390022675737274e-01
6.037188208616780516e-01
7.430385487528344823e-01
8.126984126984126977e-01
9.055782312925170219e-01
9.984580498866213460e-01
1.114557823129251668e+00
1.160997732426303886e+00
1.230657596371881990e+00
1.300317460317460316e+00
1.416417233560090638e+00
1.578956916099773178e+00
1.648616780045351504e+00
1.764716553287981826e+00
1.834376417233560153e+00
2.089795918367347127e+00
2.229115646258503336e+00
2.461315192743763980e+00
2.647074829931972850e+00
2.879274376417233494e+00
2.972154195011337929e+00
3.065034013605442365e+00
3.227573696145124682e+00
3.274013605442176900e+00
3.390113378684807444e+00
3.482993197278911435e+00
3.668752834467120305e+00
3.784852607709750405e+00
3.877732426303854840e+00
4.086712018140589819e+00
4.202811791383219919e+00
4.295691609977324354e+00
4.388571428571428790e+00
4.527891156462585442e+00
4.713650793650793425e+00
4.922630385487527960e+00
5.038730158730158948e+00
5.108390022675736830e+00
5.363809523809523583e+00
5.526349206349206789e+00
5.735328798185941324e+00
5.944308390022675859e+00
6.153287981859410394e+00
6.246167800453514829e+00
6.339047619047619264e+00
6.501587301587301582e+00
6.571247165532879464e+00
6.687346938775510452e+00
6.757006802721088334e+00
6.965986394557822869e+00
7.082086167800453858e+00
7.174965986394557405e+00
7.383945578231292828e+00
7.476825396825397263e+00
7.569705215419500810e+00
7.662585034013605245e+00
7.732244897959184016e+00
7.801904761904761898e+00
7.987664399092970768e+00
8.219863945578230968e+00
8.335963718820861956e+00
8.405623582766439839e+00
8.661043083900226591e+00
8.707482993197279697e+00
8.800362811791382356e+00
9.032562358276644332e+00
9.218321995464853202e+00
9.380861678004535520e+00
9.450521541950113402e+00
9.543401360544217837e+00
9.636281179138322273e+00
9.798820861678004590e+00
9.868480725623582472e+00
9.961360544217686908e+00
1.005424036281179134e+01
1.024000000000000021e+01
1.035609977324263120e+01
1.044897959183673386e+01
1.065795918367346928e+01
1.077405895691610027e+01
1.086693877551020471e+01
1.109913832199546491e+01
1.121523809523809589e+01
1.128489795918367378e+01
1.149387755102040742e+01
1.160997732426303841e+01
1.170285714285714285e+01
1.195827664399092960e+01
1.209759637188208536e+01
1.226013605442176946e+01
1.232979591836734734e+01
1.251555555555555621e+01
1.258521541950113409e+01
1.274775510204081641e+01
1.281741496598639429e+01
1.293351473922902528e+01
1.304961451247165449e+01
1.314249433106575893e+01
1.323537414965986336e+01
1.335147392290249435e+01
1.344435374149659879e+01
1.353723356009070322e+01
1.365333333333333421e+01
1.374621315192743687e+01
1.383909297052154130e+01
1.395519274376417229e+01
1.400163265306122362e+01
1.404807256235827673e+01
1.414095238095238116e+01
1.425705215419501215e+01
1.437315192743764136e+01
1.455891156462585023e+01
1.465179138321995467e+01
1.469823129251700600e+01
1.476789115646258566e+01
1.481433106575963699e+01
1.488399092970521487e+01
1.497687074829931930e+01
1.511619047619047684e+01
1.518585034013605473e+01
1.530195011337868394e+01
1.537160997732426360e+01
1.553414965986394591e+01
1.562702947845805035e+01
1.569668934240362823e+01
1.578956916099773267e+01
1.602176870748299464e+01
1.620752834467120351e+01
1.634684807256235928e+01
1.643972789115646194e+01
1.653260770975056815e+01
1.662548752834467081e+01
1.671836734693877702e+01
1.683446712018140445e+01
1.692734693877551067e+01
1.702022675736961332e+01
1.722920634920635052e+01
1.729886621315192841e+01
1.736852607709750629e+01
1.743818594104308417e+01
1.753106575963718683e+01
1.769360544217687092e+01
1.785614512471655502e+01
1.797224489795918245e+01
1.801868480725623556e+01
1.806512471655328866e+01
1.818122448979591965e+01
1.825088435374149753e+01
1.841342403628117808e+01
1.848308390022675596e+01
1.857596371882086217e+01
1.866884353741496483e+01
1.880816326530612415e+01
1.890104308390022680e+01
1.908680272108843567e+01
1.922612244897959144e+01
1.929578231292516932e+01
1.950476190476190652e+01
1.973696145124716494e+01
1.985306122448979593e+01
1.989950113378684904e+01
2.003882086167800480e+01
2.010848072562358269e+01
2.017814058956916057e+01
2.022458049886621367e+01
2.031746031746031633e+01
2.045678004535147565e+01
2.052643990929705353e+01
2.066575963718820930e+01
2.073541950113378718e+01
2.080507936507936506e+01
2.094439909297052083e+01
2.099083900226757393e+01
2.108371882086167659e+01
2.115337868480725447e+01
2.129269841269841379e+01
2.138557823129251645e+01
2.145523809523809433e+01
2.154811791383220054e+01
2.171065759637188108e+01
2.178031746031745897e+01
2.184997732426303685e+01
2.196607709750566784e+01
2.203573696145124572e+01
2.217505668934240504e+01
2.226793650793650770e+01
2.231437641723356080e+01
2.238403628117913868e+01
2.250013605442176967e+01
2.254657596371881922e+01
2.261623582766440066e+01
2.277877551020408120e+01
2.301097505668934318e+01
2.310385487528344584e+01
2.319673469387755205e+01
2.340571428571428569e+01
2.347537414965986358e+01
2.352181405895691668e+01
2.361469387755101934e+01
2.375401360544217511e+01
2.382367346938775654e+01
2.393977324263038398e+01
2.400943310657596541e+01
2.410231292517006807e+01
2.428807256235827694e+01
2.438095238095237960e+01
2.442739229024943270e+01
2.458993197278911680e+01
2.463637188208616635e+01
2.468281179138321946e+01
2.484535147392290355e+01
2.500789115646258409e+01
2.505433106575963720e+01
2.510077097505669030e+01
2.519365079365079296e+01
2.524009070294784607e+01
2.537941043083900183e+01
2.547229024943310804e+01
2.558839002267573548e+01
2.565804988662131692e+01
2.589024943310657534e+01
2.598312925170068155e+01
2.607600907029478421e+01
2.621532879818593997e+01
2.630820861678004619e+01
2.640108843537414884e+01
2.647074829931972673e+01
2.667972789115646393e+01
2.679582766439909136e+01
2.688870748299319757e+01
2.709768707482993122e+01
2.716734693877550910e+01
2.721378684807256221e+01
2.730666666666666842e+01
2.739954648526077108e+01
2.753886621315192684e+01
2.772462585034013571e+01
2.793360544217686936e+01
2.804970521541950035e+01
2.814258503401360656e+01
2.835156462585034021e+01
2.842122448979591809e+01
2.846766439909297119e+01
2.853732426303854908e+01
2.872308390022675795e+01
2.876952380952381105e+01
2.888562358276643849e+01
2.895528344671201637e+01
2.916426303854875357e+01
2.928036281179138456e+01
2.937324263038548722e+01
2.953578231292517131e+01
2.958222222222222086e+01
2.972154195011338018e+01
2.976798185941042973e+01
2.993052154195011383e+01
2.997696145124716693e+01
3.009306122448979437e+01
3.018594104308390058e+01
3.034848072562358112e+01
3.041814058956916256e+01
3.053424036281178999e+01
3.060390022675736788e+01
3.067356009070294931e+01
3.076643990929705197e+01
3.083609977324262985e+01
3.095219954648526084e+01
3.102185941043083872e+01
3.116117913832199449e+01
3.123083900226757237e+01
3.134693877551020336e+01
3.141659863945578124e+01
3.157913832199546533e+01
3.162557823129251844e+01
3.183455782312925209e+01
3.192743764172335474e+01
3.197387755102040785e+01
3.206675736961451406e+01
3.225251700680271938e+01
3.239183673469387514e+01
3.246149659863945658e+01
3.264725623582766190e+01
3.280979591836734954e+01
3.287945578231292387e+01
3.294911564625850531e+01
3.304199546485260441e+01
3.320453514739229206e+01
3.327419501133786639e+01
3.339029478458049738e+01
3.348317460317460359e+01
3.359927437641723458e+01
3.366893424036280891e+01
3.371537414965986557e+01
3.383147392290249655e+01
3.387791383219954611e+01
3.394757369614512754e+01
3.404045351473922665e+01
3.413333333333333286e+01
3.424943310657596385e+01
3.429587301587301340e+01
3.445841269841270105e+01
3.450485260770975060e+01
3.464417233560090637e+01
3.471383219954648780e+01
3.485315192743764356e+01
3.492281179138321789e+01
3.501569160997732411e+01
3.513179138321995509e+01
3.520145124716552942e+01
3.529433106575963564e+01
3.534077097505669229e+01
3.541043083900226662e+01
3.548009070294784806e+01
3.552653061224489761e+01
3.564263038548752860e+01
3.568907029478457815e+01
3.575873015873015959e+01
3.594448979591836490e+01
3.615346938775510210e+01
3.626956916099773309e+01
3.633922902494330742e+01
3.654820861678004462e+01
3.666430839002267561e+01
3.671074829931972516e+01
3.675718820861678182e+01
3.685006802721088093e+01
3.689650793650793759e+01
3.698938775510204380e+01
3.705904761904761813e+01
3.717514739229024912e+01
3.724480725623583055e+01
3.733768707482992966e+01
3.740734693877551109e+01
3.752344671201814208e+01
3.759310657596371641e+01
3.768598639455782262e+01
3.773242630385487217e+01
3.780208616780045361e+01
3.789496598639455982e+01
3.801106575963719081e+01
3.815038548752834657e+01
3.822004535147392090e+01
3.831292517006802711e+01
3.840580498866213333e+01
3.854512471655328909e+01
3.863800453514739530e+01
3.875410430839001918e+01
3.882376417233560062e+01
3.891664399092970683e+01
3.900952380952381304e+01
3.910240362811791215e+01
3.924172335600906791e+01
3.933460317460317412e+01
3.942748299319728034e+01
3.947392290249432989e+01
3.959002267573696088e+01
3.965968253968254231e+01
3.977578231292517330e+01
3.984544217687074763e+01
3.991510204081632907e+01
4.005442176870748483e+01
4.014730158730158394e+01
4.028662131519274681e+01
4.044916099773242735e+01
4.054204081632653356e+01
4.061170068027210789e+01
4.068136054421768932e+01
4.079746031746032031e+01
4.086712018140589464e+01
4.098321995464852563e+01
4.107609977324263184e+01
4.128507936507936193e+01
4.144761904761904958e+01
4.149405895691609913e+01
4.161015873015873012e+01
4.167981859410431156e+01
4.181913832199546732e+01
4.188879818594104165e+01
4.202811791383219742e+01
4.209777777777777885e+01
4.223709750566893462e+01
4.230675736961450895e+01
4.251573696145124615e+01
4.263183673469387713e+01
4.274793650793650812e+01
4.281759637188208956e+01
4.291047619047618866e+01
4.311945578231292586e+01
4.323555555555555685e+01
4.332843537414966306e+01
4.353741496598639316e+01
4.365351473922902414e+01
4.374639455782313036e+01
4.383927437641723657e+01
4.397859410430839233e+01
4.409469387755102332e+01
4.416435374149659765e+01
4.428045351473922864e+01
4.437333333333333485e+01
4.451265306122449061e+01
4.455909297052154017e+01
4.472163265306122781e+01
4.479129251700680214e+01
4.497705215419501457e+01
4.511637188208617033e+01
4.518603174603174466e+01
4.523247165532880132e+01
4.532535147392290042e+01
4.539501133786848186e+01
4.553433106575963762e+01
4.560399092970521195e+01
4.578975056689342438e+01
4.590585034013605537e+01
4.602195011337868635e+01
4.620770975056689167e+01
4.641668934240362887e+01
4.653278911564625986e+01
4.662566893424036607e+01
4.674176870748298995e+01
4.683464852607709616e+01
4.704362811791383336e+01
4.713650793650793958e+01
4.725260770975056346e+01
4.732226757369614489e+01
4.743836734693877588e+01
4.755446712018140687e+01
4.767056689342403786e+01
4.785632653061224318e+01
4.808852607709750515e+01
4.820462585034013614e+01
4.825106575963718569e+01
4.836716553287981668e+01
4.841360544217687334e+01
4.848326530612244767e+01
4.857614512471655388e+01
4.862258503401360343e+01
4.866902494331066009e+01
4.890122448979591496e+01
4.901732426303854595e+01
4.908698412698412739e+01
4.920308390022675837e+01
4.931918367346938936e+01
4.941206349206349557e+01
4.950494331065759468e+01
4.971392290249433188e+01
4.980680272108843809e+01
4.992290249433106908e+01
4.999256235827664341e+01
5.010866213151927440e+01
5.024798185941043016e+01
5.031764172335601160e+01
5.041052154195011070e+01
5.054984126984126647e+01
5.073560090702947889e+01
5.085170068027210988e+01
5.094458049886621609e+01
5.103746031746031520e+01
5.113034013605442141e+01
5.131609977324263383e+01
5.138575963718820816e+01
5.147863945578231437e+01
5.154829931972788870e+01
5.166439909297051969e+01
5.175727891156462590e+01
5.185015873015873211e+01
5.196625850340136310e+01
5.208235827664399409e+01
5.217523809523809319e+01
5.226811791383219941e+01
5.238421768707483039e+01
5.247709750566893661e+01
5.259319727891156759e+01
5.277895691609977291e+01
5.289505668934240390e+01
5.298793650793651011e+01
5.310403628117914110e+01
5.319691609977324021e+01
5.326657596371882164e+01
5.331301587301587119e+01
5.340589569160997740e+01
5.347555555555555884e+01
5.352199546485260839e+01
5.361487528344671460e+01
5.368453514739228893e+01
5.375419501133787037e+01
5.387029478458050136e+01
5.393995464852607569e+01
5.400961451247165712e+01
5.412571428571428811e+01
5.424181405895691910e+01
5.442757369614512442e+01
5.452045351473923063e+01
5.463655328798186162e+01
5.484553287981859171e+01
5.505451247165532891e+01
5.514739229024943512e+01
5.519383219954648467e+01
5.524027210884353423e+01
5.530993197278911566e+01
5.547247165532879620e+01
5.565823129251700863e+01
5.586721088435373872e+01
5.609941043083900070e+01
5.626195011337868834e+01
5.633160997732426267e+01
5.647092970521541844e+01
5.663346938775509898e+01
5.667990929705215564e+01
5.688888888888888573e+01
5.698176870748299194e+01
5.714430839002267248e+01
5.730684807256236013e+01
5.751582766439909022e+01
5.767836734693877787e+01
5.774802721088435220e+01
5.791056689342403274e+01
5.802666666666666373e+01
5.814276643990929472e+01
5.832852607709750714e+01
5.844462585034013813e+01
5.853750566893423724e+01
5.874648526077097443e+01
5.895546485260771163e+01
5.916444444444444173e+01
5.937342403628117893e+01
5.951274376417233469e+01
5.958240362811791613e+01
5.967528344671201523e+01
5.976816326530612145e+01
5.997714285714285865e+01
6.007002267573696486e+01
6.011646258503401441e+01
6.018612244897958874e+01
6.027900226757369495e+01
6.044154195011337549e+01
6.053442176870748170e+01
6.060408163265306314e+01
6.072018140589569413e+01
6.081306122448979323e+01
6.097560090702948088e+01
6.104526077097505521e+01
6.111492063492063664e+01
6.120780045351473575e+01
6.125424036281179241e+01
6.141678004535147295e+01
6.162575963718821015e+01
6.174185941043084114e+01
6.181151927437641547e+01
6.190439909297052168e+01
6.206693877551020222e+01
6.222947845804988987e+01
6.236879818594104563e+01
6.246167800453514474e+01
6.264743764172335716e+01
6.271709750566893149e+01
6.276353741496598815e+01
6.283319727891156248e+01
6.287963718820861914e+01
6.297251700680271824e+01
6.306539682539682445e+01
6.320471655328798022e+01
6.327437641723356165e+01
6.341369614512471742e+01
6.348335600907029175e+01
6.355301587301587318e+01
6.371555555555555372e+01
6.390131519274376615e+01
6.399419501133786525e+01
6.411029478458050335e+01
6.420317460317460245e+01
6.429605442176870156e+01
6.445859410430838921e+01
6.452825396825396354e+01
6.464435374149660163e+01
6.471401360544217596e+01
6.489977324263038838e+01
6.501587301587301226e+01
6.510875283446712558e+01
6.520163265306122469e+01
6.534095238095238756e+01
6.552671201814058577e+01
6.561959183673469909e+01
6.573569160997732297e+01
6.594467120181406017e+01
6.606077097505668405e+01
6.615365079365079737e+01
6.629297052154194603e+01
6.636263038548753457e+01
6.645551020408163367e+01
6.657160997732425756e+01
6.668770975056689565e+01
6.675736961451246998e+01
6.685024943310656909e+01
6.691990929705215763e+01
6.698956916099773196e+01
6.708244897959183106e+01
6.717532879818594438e+01
6.729142857142856826e+01
6.738430839002268158e+01
6.757006802721087979e+01
6.780226757369614177e+01
6.789514739229025508e+01
6.798802721088435419e+01
6.810412698412697807e+01
6.819700680272109139e+01
6.831310657596371527e+01
6.840598639455782859e+01
6.861496598639455158e+01
6.880072562358276400e+01
6.894004535147392687e+01
6.903292517006802598e+01
6.912580498866212508e+01
6.921868480725623840e+01
6.935800453514738706e+01
6.942766439909297560e+01
6.954376417233559948e+01
6.963664399092969859e+01
6.984562358276643579e+01
6.996172335600907388e+01
7.005460317460317299e+01
7.012426303854874732e+01
7.028680272108843496e+01
7.047256235827664739e+01
7.056544217687074649e+01
7.068154195011338459e+01
7.086730158730158280e+01
7.098340136054422089e+01
7.107628117913832000e+01
7.119238095238095809e+01
7.126204081632653242e+01
7.140136054421768108e+01
7.149424036281179440e+01
7.170321995464853160e+01
7.181931972789115548e+01
7.191219954648525459e+01
7.209795918367346701e+01
7.221405895691610510e+01
7.233015873015872899e+01
7.251591836734694141e+01
7.260879818594104051e+01
7.272489795918367861e+01
7.281777777777777771e+01
7.293387755102040160e+01
7.304997732426303969e+01
7.311963718820861402e+01
7.332861678004535122e+01
7.342149659863945033e+01
7.349115646258503887e+01
7.356081632653061320e+01
7.367691609977323708e+01
7.374657596371882562e+01
7.386267573696144950e+01
7.395555555555554861e+01
7.402521541950113715e+01
7.416453514739228581e+01
7.437351473922902301e+01
7.455927437641723543e+01
7.467537414965985931e+01
7.476825396825397263e+01
7.488435374149659651e+01
7.497723356009070983e+01
7.518621315192743282e+01
7.539519274376417002e+01
7.551129251700680811e+01
7.560417233560090722e+01
7.569705215419500632e+01
7.578993197278911964e+01
7.592925170068026830e+01
7.599891156462585684e+01
7.611501133786848072e+01
7.620789115646257983e+01
7.641687074829931703e+01
7.653297052154195512e+01
7.662585034013605423e+01
7.669551020408162856e+01
7.685804988662131620e+01
7.704380952380952863e+01
7.715990929705215251e+01
7.725278911564625162e+01
7.732244897959184016e+01
7.743854875283446404e+01
7.755464852607710213e+01
7.767074829931972602e+01
7.776362811791382512e+01
7.785650793650793844e+01
7.797260770975056232e+01
7.808870748299320041e+01
7.825124716553287385e+01
7.848344671201813583e+01
7.857632653061224914e+01
7.866920634920634825e+01
7.878530612244898634e+01
7.887818594104308545e+01
7.908716553287982265e+01
7.929614512471655985e+01
7.943546485260770851e+01
7.952834467120180761e+01
7.964444444444444571e+01
7.973732426303854481e+01
7.985342403628118291e+01
7.989986394557823246e+01
8.001596371882085634e+01
8.015528344671201921e+01
8.024816326530611832e+01
8.031782312925170686e+01
8.048036281179138030e+01
8.052680272108842985e+01
8.064290249433106794e+01
8.073578231292516705e+01
8.094476190476190425e+01
8.106086167800452813e+01
8.115374149659864145e+01
8.124662131519274055e+01
8.129306122448979011e+01
8.136272108843537865e+01
8.147882086167800253e+01
8.154848072562357686e+01
8.168780045351473973e+01
8.178068027210883884e+01
8.196643990929705126e+01
8.217541950113378846e+01
8.238439909297052566e+01
8.250049886621314954e+01
8.259337868480726286e+01
8.270947845804988674e+01
8.280235827664398585e+01
8.294167800453514872e+01
8.303455782312924782e+01
8.319709750566893547e+01
8.328997732426303457e+01
8.342929705215419744e+01
8.361505668934240987e+01
8.370793650793650897e+01
8.382403628117913286e+01
8.389369614512472140e+01
8.403301587301587006e+01
8.417233560090703293e+01
8.424199546485260726e+01
8.435809523809523114e+01
8.442775510204081968e+01
8.456707482993196834e+01
8.465995464852608166e+01
8.477605442176870554e+01
8.484571428571427987e+01
8.498503401360544274e+01
8.507791383219954184e+01
8.517079365079365516e+01
8.526367346938775427e+01
8.535655328798185337e+01
8.547265306122449147e+01
8.556553287981859057e+01
8.565841269841270389e+01
8.579773242630385255e+01
8.589061224489796587e+01
8.607637188208616408e+01
8.619247165532880217e+01
8.628535147392290128e+01
8.637823129251700038e+01
8.649433106575963848e+01
8.656399092970521281e+01
8.672653061224490045e+01
8.684263038548752434e+01
8.691229024943311288e+01
8.705160997732426154e+01
8.712126984126983587e+01
8.723736961451247396e+01
8.730702947845804829e+01
8.744634920634921116e+01
8.753922902494331026e+01
8.760888888888888459e+01
8.772498866213152269e+01
8.786430839002267135e+01
8.795718820861678466e+01
8.807328798185940855e+01
8.814294784580498288e+01
8.823582766439909619e+01
8.830548752834467052e+01
8.835192743764172008e+01
8.842158730158730862e+01
8.853768707482993250e+01
8.865378684807255638e+01
8.876988662131519447e+01
8.883954648526076880e+01
8.888598639455781836e+01
8.895564625850340690e+01
8.916462585034012989e+01
8.925750566893424320e+01
8.930394557823129276e+01
8.937360544217686709e+01
8.948970521541950518e+01
8.960580498866212906e+01
8.969868480725624238e+01
8.976834467120181671e+01
8.986122448979591582e+01
8.993088435374149014e+01
9.000054421768707869e+01
9.011664399092970257e+01
9.018630385487527690e+01
9.030240362811791499e+01
9.039528344671201410e+01
9.046494331065760264e+01
9.053460317460317697e+01
9.060426303854875130e+01
9.072036281179138939e+01
9.081324263038548850e+01
9.090612244897958760e+01
9.095256235827663716e+01
9.102222222222222570e+01
9.111510204081632480e+01
9.123120181405896290e+01
9.134730158730158678e+01
9.141696145124716111e+01
9.150984126984127442e+01
9.155628117913832398e+01
9.162594104308389831e+01
9.167238095238094786e+01
9.183492063492063551e+01
9.202068027210884793e+01
9.211356009070294704e+01
9.225287981859410991e+01
9.236897959183673379e+01
9.243863945578230812e+01
9.253151927437642144e+01
9.264761904761904532e+01
9.276371882086168341e+01
9.287981859410430729e+01
9.306557823129251972e+01
9.313523809523809405e+01
9.327455782312925692e+01
9.334421768707483125e+01
9.348353741496597991e+01
9.357641723356009322e+01
9.369251700680271711e+01
9.387827664399092953e+01
9.404081632653061718e+01
9.411047619047619150e+01
9.420335600907029061e+01
9.427301587301587915e+01
9.441233560090702781e+01
9.450521541950112692e+01
9.464453514739228979e+01
9.471419501133786412e+01
9.492317460317460132e+01
9.510893424036281374e+01
9.522503401360543762e+01
9.534113378684807572e+01
9.541079365079365004e+01
9.552689342403628814e+01
9.573587301587301113e+01
9.580553287981859967e+01
9.585197278911564922e+01
9.594485260770974833e+01
9.613061224489796075e+01
9.629315192743764840e+01
9.636281179138322273e+01
9.643247165532879706e+01
9.657179138321995993e+01
9.668789115646258381e+01
9.675755102040815814e+01
9.687365079365079623e+01
9.696653061224489534e+01
9.708263038548753343e+01
9.717551020408163254e+01
9.731482993197279541e+01
9.740770975056689451e+01
9.757024943310658216e+01
9.768634920634920604e+01
9.773278911564625560e+01
9.780244897959182993e+01
9.784888888888889369e+01
9.791854875283446802e+01
9.798820861678004235e+01
9.812752834467120522e+01
9.819718820861677955e+01
9.840616780045351675e+01
9.852226757369614063e+01
9.861514739229025395e+01
9.880090702947845216e+01
9.903310657596371414e+01
9.912598639455782745e+01
9.924208616780045134e+01
9.933496598639456465e+01
9.942784580498866376e+01
9.963682539682540096e+01
9.972970521541950006e+01
9.984580498866213816e+01
9.991546485260771249e+01
1.000547845804988611e+02
1.001476643990929745e+02
1.002637641723355983e+02
1.004495238095238108e+02
1.006817233560090727e+02
1.008674829931972852e+02
1.010068027210884338e+02
1.010764625850340082e+02
1.011693424036281215e+02
1.012157823129251710e+02
1.012854421768707454e+02
1.014944217687074826e+02
1.016105215419501064e+02
1.016801814058956950e+02
1.017962811791383189e+02
1.019356009070294817e+02
1.020052607709750561e+02
1.020981405895691552e+02
1.022142403628117933e+02
1.023071201814058924e+02
1.024232199546485305e+02
1.025160997732426296e+02
1.025857596371882039e+02
1.027250793650793668e+02
1.028411791383219906e+02
1.029340589569161040e+02
1.030037188208616783e+02
1.031662585034013659e+02
1.033287981859410394e+02
1.034448979591836775e+02
1.035377777777777766e+02
1.036074376417233509e+02
1.037467573696145138e+02
1.038628571428571377e+02
1.039092970521542014e+02
1.039789569160997758e+02
1.040718367346938749e+02
1.041414965986394492e+02
1.042808163265306121e+02
1.043736961451247112e+02
1.045594557823129236e+02
1.046987755102040865e+02
1.047916553287981856e+02
1.048845351473922847e+02
1.049774149659863980e+02
1.050935147392290219e+02
1.051863945578231352e+02
1.053953741496598582e+02
1.055114739229024963e+02
1.056043537414965954e+02
1.056972335600907087e+02
1.058133333333333326e+02
1.059294331065759707e+02
1.059990929705215450e+02
1.060687528344671193e+02
1.061151927437641689e+02
1.062080725623582822e+02
1.063009523809523813e+02
1.063706122448979556e+02
1.064170521541950052e+02
1.065331519274376433e+02
1.066260317460317424e+02
1.067421315192743805e+02
1.068350113378684796e+02
1.069511111111111177e+02
1.070207709750566920e+02
1.071600907029478407e+02
1.072529705215419540e+02
1.073458503401360531e+02
1.074387301587301522e+02
1.075548299319727903e+02
1.076477097505668894e+02
1.077638095238095275e+02
1.078566893424036266e+02
1.079727891156462647e+02
1.080656689342403638e+02
1.081817687074829877e+02
1.082746485260771010e+02
1.083675283446712001e+02
1.084836281179138382e+02
1.085765079365079373e+02
1.086693877551020364e+02
1.087854875283446745e+02
1.088783673469387736e+02
1.089944671201814117e+02
1.090873469387755108e+02
1.092034467120181347e+02
1.092963265306122480e+02
1.094124263038548719e+02
1.095053061224489852e+02
1.095749659863945595e+02
1.097142857142857082e+02
1.098071655328798215e+02
1.099232653061224454e+02
1.100161451247165587e+02
1.101322448979591826e+02
1.102251247165532817e+02
1.103180045351473950e+02
1.104341043083900189e+02
1.105269841269841322e+02
1.106430839002267561e+02
1.107359637188208552e+02
1.108520634920634933e+02
1.109449433106575924e+02
1.110610430839002305e+02
1.111539229024943296e+02
1.112700226757369677e+02
1.113629024943310668e+02
1.114557823129251659e+02
1.115486621315192792e+02
1.116647619047619031e+02
1.117808616780045412e+02
1.118737414965986403e+02
1.119666213151927394e+02
1.120827210884353775e+02
1.121756009070294766e+02
1.122917006802721147e+02
1.123845804988662138e+02
1.125006802721088377e+02
1.125935600907029510e+02
1.126864399092970501e+02
1.127328798185940997e+02
1.128025396825396882e+02
1.128954195011337873e+02
1.129418594104308369e+02
1.130115192743764112e+02
1.131043990929705245e+02
1.131508390022675741e+02
1.132204988662131484e+02
1.133133786848072617e+02
1.134062585034013608e+02
1.135223582766439847e+02
1.136152380952380980e+02
1.137313378684807219e+02
1.138242176870748352e+02
1.139170975056689343e+02
1.140099773242630334e+02
1.141260770975056715e+02
1.142421768707482954e+02
1.143350566893424087e+02
1.144279365079365078e+02
1.145440362811791317e+02
1.146369160997732450e+02
1.147530158730158689e+02
1.148458956916099822e+02
1.149619954648526061e+02
1.150548752834467052e+02
1.151709750566893433e+02
1.152406349206349176e+02
1.153799546485260805e+02
1.154496145124716548e+02
1.155657142857142787e+02
1.156585941043083920e+02
1.157746938775510159e+02
1.158675736961451292e+02
1.159836734693877531e+02
1.160765532879818664e+02
1.161462131519274408e+02
1.162855328798185894e+02
1.164016326530612275e+02
1.164945124716553266e+02
1.165873922902494400e+02
1.167034920634920638e+02
1.167963718820861629e+02
1.168892517006802763e+02
1.170053514739229001e+02
1.170982312925170135e+02
1.172143310657596373e+02
1.173072108843537364e+02
1.174233106575963745e+02
1.175161904761904736e+02
1.176322902494331117e+02
1.177251700680272108e+02
1.178644897959183737e+02
1.179341496598639480e+02
1.180270294784580472e+02
1.181431292517006852e+02
1.182360090702947844e+02
1.183288888888888835e+02
1.184217687074829968e+02
1.185378684807256207e+02
1.186539682539682588e+02
1.187468480725623579e+02
1.188629478458049817e+02
1.189558276643990951e+02
1.190254875283446694e+02
1.190719274376417189e+02
1.191648072562358323e+02
1.192809070294784561e+02
1.193737868480725695e+02
1.195595464852607677e+02
1.196292063492063562e+02
1.196988662131519305e+02
1.197917460317460296e+02
1.199775056689342421e+02
1.201168253968253907e+02
1.201864852607709793e+02
1.202561451247165536e+02
1.203722448979591775e+02
1.204883446712018156e+02
1.206044444444444395e+02
1.206973242630385528e+02
1.208134240362811767e+02
1.209991836734693891e+02
1.211385034013605377e+02
1.212546031746031758e+02
1.213707029478457997e+02
1.214171428571428635e+02
1.216261224489795865e+02
1.218118820861677989e+02
1.220208616780045361e+02
1.222298412698412733e+02
1.224388208616780105e+02
1.226478004535147335e+02
1.227406802721088468e+02
1.228799999999999955e+02
1.229496598639455840e+02
1.230657596371882079e+02
1.231818594104308460e+02
1.232747392290249451e+02
1.234604988662131575e+02
1.235998185941043062e+02
1.236926984126984195e+02
1.237855782312925186e+02
1.238784580498866177e+02
1.239945578231292558e+02
1.240642176870748301e+02
1.241106575963718797e+02
1.242731972789115673e+02
1.243892970521541912e+02
1.244589569160997797e+02
1.246214965986394532e+02
1.247143764172335665e+02
1.248072562358276656e+02
1.249233560090702895e+02
1.250858956916099771e+02
1.251555555555555515e+02
1.252252154195011400e+02
1.253180952380952391e+02
1.254109750566893382e+02
1.255270748299319763e+02
1.256431746031746002e+02
1.257360544217687135e+02
1.259218140589569117e+02
1.260146938775510250e+02
1.261772335600906985e+02
1.262701133786848118e+02
1.263629931972789109e+02
1.264790929705215490e+02
1.265487528344671233e+02
1.266648526077097472e+02
1.267809523809523853e+02
1.269667120181405835e+02
1.270595918367346968e+02
1.271756916099773207e+02
1.272917913832199588e+02
1.273846712018140579e+02
1.274543310657596322e+02
1.275704308390022703e+02
1.276633106575963694e+02
1.277097505668934190e+02
1.277794104308390075e+02
1.278722902494331066e+02
1.279883900226757305e+02
1.281973696145124677e+02
1.283366893424036164e+02
1.284063492063492049e+02
1.284992290249433040e+02
1.285921088435374031e+02
1.286617687074829917e+02
1.288010884353741403e+02
1.290332879818594165e+02
1.292190476190476147e+02
1.293119274376417138e+02
1.294280272108843519e+02
1.295673469387755006e+02
1.296370068027210891e+02
1.297763265306122378e+02
1.298459863945578263e+02
1.300781859410430741e+02
1.303103854875283503e+02
1.303800453514739104e+02
1.304729251700680379e+02
1.306819047619047751e+02
1.307747845804988742e+02
1.308676643990929733e+02
1.309605442176870724e+02
1.310766439909297105e+02
1.311927437641723486e+02
1.312856235827664477e+02
1.313785034013605468e+02
1.314946031746031849e+02
1.317035827664399221e+02
1.318196825396825318e+02
1.318893424036281203e+02
1.320286621315192690e+02
1.320983219954648575e+02
1.322144217687074956e+02
1.323305215419501053e+02
1.324234013605442044e+02
1.325162811791383319e+02
1.325627210884353815e+02
1.326091609977324310e+02
1.327252607709750691e+02
1.328645804988662178e+02
1.329342403628117779e+02
1.330735600907029550e+02
1.331896598639455647e+02
1.333521995464852523e+02
1.335379591836734789e+02
1.336076190476190391e+02
1.337469387755102161e+02
1.338862585034013648e+02
1.340023582766440029e+02
1.341648979591836621e+02
1.343738775510203993e+02
1.344667573696144984e+02
1.345596371882086260e+02
1.347918367346938737e+02
1.348847165532879728e+02
1.349775963718821004e+02
1.351865759637188091e+02
1.353955555555555463e+02
1.354652154195011349e+02
1.355348752834467234e+02
1.356045351473922835e+02
1.356741950113378721e+02
1.358135147392290207e+02
1.358831746031746093e+02
1.360224943310657579e+02
1.361153741496598570e+02
1.362082539682539561e+02
1.363475736961451332e+02
1.364404535147392323e+02
1.366262131519274305e+02
1.367423129251700686e+02
1.368351927437641677e+02
1.369048526077097563e+02
1.370441723356009049e+02
1.371602721088435430e+02
1.372067120181405926e+02
1.372995918367346917e+02
1.374389115646258404e+02
1.375782312925170174e+02
1.376943310657596271e+02
1.377872108843537546e+02
1.378568707482993148e+02
1.380890702947845909e+02
1.382516099773242502e+02
1.384141496598639378e+02
1.384838095238095264e+02
1.385766893424036255e+02
1.386927891156462636e+02
1.388088888888889016e+02
1.388785487528344618e+02
1.389946485260770999e+02
1.391107482993197380e+02
1.391804081632652981e+02
1.392732879818593972e+02
1.394126077097505743e+02
1.395054875283446734e+02
1.396215873015873115e+02
1.397144671201814106e+02
1.398073469387755097e+02
1.398537868480725592e+02
1.399002267573696088e+02
1.400163265306122469e+02
1.401324263038548850e+02
1.402020861678004451e+02
1.402485260770974946e+02
1.403181859410430832e+02
1.404110657596371823e+02
1.405271655328798204e+02
1.406664852607709690e+02
1.407361451247165576e+02
1.408522448979591957e+02
1.409219047619047558e+02
1.410844444444444434e+02
1.411308843537414930e+02
1.412702040816326416e+02
1.413398639455782302e+02
1.414327437641723293e+02
1.415720634920634780e+02
1.416881632653061160e+02
1.417578231292517046e+02
1.419668027210884418e+02
1.421061224489795904e+02
1.421757823129251790e+02
1.422686621315192781e+02
1.423847619047619162e+02
1.425937414965986534e+02
1.426634013605442135e+02
1.428027210884353622e+02
1.429884807256235888e+02
1.431974603174603260e+02
1.434296598639455738e+02
1.435921995464852614e+02
1.436618594104308499e+02
1.438476190476190482e+02
1.439637188208616863e+02
1.440333786848072464e+02
1.442423582766439836e+02
1.444048979591836712e+02
1.444513378684807208e+02
1.445209977324263093e+02
1.446138775510204084e+02
1.446835374149659970e+02
1.448460770975056562e+02
1.449621768707482943e+02
1.450550566893423934e+02
1.452175963718820810e+02
1.452640362811791306e+02
1.453336961451247191e+02
1.454265759637188182e+02
1.454962358276644068e+02
1.456587755102040944e+02
1.458213151927437536e+02
1.459374149659863917e+02
1.460767346938775404e+02
1.462160544217687175e+02
1.463089342403628166e+02
1.464018140589569157e+02
1.465179138321995538e+02
1.465875736961451139e+02
1.466572335600907024e+02
1.467036734693877520e+02
1.468429931972789007e+02
1.469126530612244892e+02
1.469590929705215387e+02
1.470984126984126874e+02
1.472377324263038645e+02
1.473073922902494246e+02
1.474002721088435237e+02
1.475163718820861618e+02
1.475628117913832114e+02
1.476324716553287999e+02
1.477485714285714380e+02
1.478182312925169981e+02
1.479343310657596362e+02
1.479807709750566858e+02
1.481433106575963734e+02
1.483290702947845716e+02
1.484683900226757487e+02
1.485844897959183584e+02
1.487702494331065850e+02
1.489095691609977337e+02
1.489792290249433222e+02
1.490488888888888823e+02
1.491649886621315204e+02
1.492346485260771090e+02
1.493739682539682576e+02
1.494668480725623567e+02
1.495132879818594063e+02
1.495829478458049948e+02
1.496526077097505549e+02
1.497919274376417320e+02
1.498848072562358311e+02
1.500009070294784692e+02
1.501866666666666674e+02
1.503027664399093055e+02
1.503956462585034046e+02
1.504885260770975037e+02
1.506046258503401418e+02
1.507207256235827799e+02
1.508136054421768790e+02
1.509529251700680277e+02
1.510922448979591763e+02
1.512315646258503534e+02
1.513476643990929631e+02
1.514405442176870622e+02
1.515566439909297003e+02
1.516263038548752888e+02
1.517656235827664375e+02
1.518352834467120260e+02
1.519049433106575862e+02
1.520210430839002242e+02
1.521139229024943234e+02
1.521835827664399119e+02
1.522532426303855004e+02
1.522996825396825500e+02
1.523925623582766491e+02
1.524390022675736986e+02
1.525086621315192872e+02
1.525551020408163367e+02
1.526479818594104358e+02
1.528569614512471730e+02
1.529498412698412722e+02
1.530659410430839102e+02
1.532749206349206474e+02
1.533678004535147466e+02
1.534374603174603067e+02
1.535767800453514837e+02
1.536464399092970439e+02
1.537857596371882209e+02
1.538786394557823201e+02
1.539947392290249297e+02
1.541108390022675678e+02
1.542037188208616669e+02
1.542965986394557945e+02
1.543430385487528440e+02
1.545055782312925032e+02
1.546216780045351413e+02
1.546913378684807299e+02
1.548074376417233680e+02
1.548538775510204175e+02
1.549235374149659776e+02
1.550164172335600767e+02
1.551092970521542043e+02
1.553182766439909415e+02
1.554343764172335511e+02
1.555272562358276502e+02
1.555736961451247282e+02
1.557362358276643874e+02
1.559684353741496636e+02
1.560845351473923017e+02
1.561309750566893513e+02
1.561774149659864008e+02
1.562702947845804999e+02
1.563631746031745990e+02
1.564096145124716486e+02
1.565024943310657477e+02
1.565489342403628257e+02
1.566185941043083858e+02
1.567114739229024849e+02
1.567579138321995345e+02
1.569204535147392221e+02
1.569901133786848106e+02
1.571062131519274487e+02
1.571526530612244983e+02
1.572687528344671080e+02
1.573151927437641859e+02
1.574080725623582850e+02
1.574777324263038452e+02
1.575706122448979727e+02
1.576867120181405824e+02
1.577795918367346815e+02
1.579421315192743691e+02
1.580350113378684682e+02
1.581743310657596453e+02
1.582904308390022550e+02
1.583600907029478435e+02
1.584297505668934321e+02
1.585690702947845807e+02
1.586155102040816303e+02
1.587548299319727789e+02
1.588012698412698285e+02
1.589173696145124666e+02
1.590334693877551047e+02
1.591495691609977428e+02
1.592424489795918419e+02
1.593121088435374020e+02
1.594514285714285791e+02
1.596371882086167773e+02
1.597997278911564649e+02
1.598461678004535145e+02
1.600319274376417127e+02
1.601712471655328898e+02
1.602641269841269889e+02
1.603570068027210880e+02
1.604034467120181375e+02
1.604731065759637261e+02
1.606820861678004633e+02
1.608678458049886615e+02
1.609839455782312996e+02
1.611000453514739092e+02
1.612858049886621359e+02
1.614251247165532845e+02
1.614947845804988731e+02
1.615876643990929722e+02
1.617037641723356103e+02
1.618895238095238085e+02
1.620288435374149572e+02
1.620985034013605457e+02
1.621913832199546448e+02
1.623307029478457935e+02
1.624468027210884316e+02
1.625164625850340201e+02
1.626325623582766582e+02
1.627254421768707573e+02
1.628415419501133670e+02
1.629112018140589555e+02
1.630505215419501042e+02
1.631666213151927423e+02
1.633291609977324299e+02
1.634452607709750680e+02
1.634917006802721176e+02
1.635845804988662167e+02
1.636774603174603158e+02
1.637471201814059043e+02
1.638864399092970530e+02
1.639560997732426415e+02
1.641418594104308397e+02
1.642579591836734778e+02
1.643740589569160875e+02
1.645598185941043141e+02
1.647687981859410513e+02
1.648848979591836610e+02
1.649777777777777885e+02
1.651170975056689372e+02
1.651867573696145257e+02
1.653957369614512345e+02
1.654886167800453620e+02
1.656047165532879717e+02
1.657208163265306098e+02
1.658136961451247089e+02
1.660226757369614461e+02
1.661155555555555452e+02
1.662084353741496727e+02
1.664406349206349205e+02
1.665335147392290196e+02
1.666031746031746081e+02
1.667889342403628063e+02
1.668353741496598559e+02
1.669514739229024940e+02
1.670443537414965931e+02
1.671604535147392312e+02
1.672533333333333303e+02
1.673694331065759684e+02
1.674390929705215285e+02
1.675551927437641666e+02
1.676945124716553153e+02
1.677641723356009038e+02
1.678570521541950029e+02
1.679963718820861800e+02
1.680660317460317401e+02
1.681356916099773287e+02
1.682053514739228888e+02
1.682750113378684773e+02
1.684607709750566755e+02
1.686233106575963632e+02
1.686697505668934127e+02
1.687626303854875403e+02
1.688322902494331004e+02
1.689019501133786889e+02
1.690412698412698376e+02
1.690877097505668871e+02
1.692038095238095252e+02
1.692966893424036243e+02
1.693895691609977234e+02
1.694824489795918225e+02
1.695985487528344606e+02
1.697378684807256377e+02
1.698075283446711978e+02
1.699004081632652969e+02
1.699932879818594245e+02
1.701558276643990837e+02
1.702487074829932112e+02
1.703183673469387713e+02
1.704576870748299200e+02
1.705505668934240475e+02
1.706202267573696076e+02
1.707363265306122457e+02
1.708756462585033944e+02
1.709453061224489829e+02
1.711310657596371811e+02
1.712471655328798192e+02
1.713632653061224573e+02
1.714561451247165564e+02
1.715490249433106555e+02
1.716186848072562441e+02
1.716651247165532936e+02
1.717580045351473927e+02
1.718276643990929813e+02
1.718741043083900308e+02
1.719669841269841299e+02
1.722224036281179167e+02
1.722920634920635052e+02
1.723617233560090654e+02
1.725242630385487530e+02
1.725939229024943415e+02
1.727796825396825398e+02
1.728493424036281283e+02
1.729886621315192770e+02
1.731047619047619150e+02
1.731976417233560142e+02
1.733137414965986522e+02
1.734066213151927514e+02
1.735227210884353610e+02
1.736156009070294886e+02
1.737317006802720982e+02
1.738245804988662258e+02
1.739174603174603249e+02
1.740335600907029345e+02
1.741496598639455726e+02
1.742425396825396717e+02
1.743586394557823098e+02
1.744282993197278984e+02
1.745211791383219975e+02
1.746372789115646356e+02
1.747533786848072452e+02
1.748230385487528338e+02
1.749391383219954719e+02
1.750320181405895710e+02
1.751016780045351595e+02
1.751713378684807196e+02
1.752642176870748187e+02
1.753570975056689463e+02
1.754499773242630454e+02
1.755196371882086055e+02
1.756821768707482931e+02
1.758679365079365198e+02
1.759840362811791294e+02
1.760304761904761790e+02
1.761001360544217675e+02
1.762858956916099658e+02
1.763787755102040933e+02
1.764948752834467030e+02
1.766574149659863906e+02
1.767038548752834402e+02
1.768199546485260782e+02
1.768896145124716668e+02
1.771218140589569146e+02
1.773075736961451128e+02
1.775165532879818500e+02
1.777255328798185872e+02
1.778648526077097642e+02
1.779345124716553244e+02
1.780738321995464730e+02
1.781202721088435510e+02
1.783524716553287988e+02
1.785382312925169970e+02
1.786311111111111245e+02
1.786775510204081741e+02
1.787472108843537342e+02
1.788168707482993227e+02
1.789561904761904714e+02
1.790490702947845705e+02
1.790955102040816200e+02
1.791651700680272086e+02
1.792580498866213077e+02
1.793741496598639458e+02
1.794902494331065839e+02
1.795599092970521440e+02
1.796992290249433211e+02
1.797688888888888812e+02
1.799778684807256184e+02
1.800475283446712069e+02
1.801171882086167670e+02
1.801868480725623556e+02
1.802332879818594051e+02
1.802797278911564547e+02
1.803958276643990928e+02
1.805815873015872910e+02
1.807209070294784681e+02
1.808137868480725672e+02
1.809995464852607654e+02
1.811156462585034035e+02
1.812085260770975026e+02
1.813246258503401407e+02
1.814175056689342398e+02
1.816032653061224380e+02
1.816961451247165655e+02
1.818354648526077142e+02
1.819283446712018133e+02
1.820908843537415009e+02
1.822302040816326496e+02
1.824391836734693868e+02
1.825552834467120249e+02
1.826713832199546346e+02
1.827410430839002231e+02
1.828107029478458117e+02
1.828571428571428612e+02
1.829964625850340099e+02
1.830661224489795984e+02
1.832286621315192860e+02
1.832751020408163356e+02
1.833447619047618957e+02
1.834608616780045338e+02
1.835537414965986329e+02
1.836930612244898100e+02
1.838788208616780082e+02
1.840878004535147454e+02
1.842967800453514826e+02
1.845057596371882198e+02
1.846450793650793685e+02
1.847147392290249570e+02
1.848076190476190561e+02
1.848772789115646162e+02
1.849469387755102048e+02
1.850398185941043039e+02
1.851094784580498924e+02
1.852255782312925305e+02
1.853416780045351402e+02
1.854345578231292393e+02
1.855274376417233668e+02
1.856435374149659765e+02
1.857364172335601040e+02
1.858525170068027137e+02
1.859453968253968128e+02
1.860614965986394509e+02
1.861543764172335500e+02
1.862472562358276775e+02
1.863401360544217766e+02
1.864562358276643863e+02
1.865026757369614643e+02
1.865723356009070244e+02
1.866652154195011235e+02
1.867580952380952510e+02
1.868741950113378607e+02
1.869670748299319598e+02
1.870831746031745979e+02
1.871760544217686970e+02
1.872921541950113351e+02
1.873850340136054342e+02
1.874779138321995333e+02
1.875707936507936608e+02
1.877101133786848095e+02
1.877797732426303980e+02
1.878958730158730077e+02
1.880119727891156458e+02
1.881977324263038440e+02
1.883138321995464821e+02
1.884067120181405812e+02
1.884763718820861698e+02
1.886156916099773184e+02
1.887317913832199565e+02
1.888246712018140556e+02
1.889175510204081547e+02
1.890336507936507928e+02
1.891265306122448919e+02
1.892194104308389910e+02
1.893587301587301681e+02
1.894516099773242672e+02
1.895444897959183663e+02
1.896373696145124654e+02
1.897070294784580540e+02
1.897534693877551035e+02
1.897999092970521531e+02
1.898463492063492026e+02
1.899624489795918407e+02
1.900553287981859398e+02
1.901714285714285779e+02
1.902643083900226770e+02
1.903571882086167761e+02
1.904500680272108752e+02
1.905661678004535133e+02
1.906358276643991019e+02
1.906822675736961514e+02
1.907751473922902505e+02
1.908680272108843496e+02
1.909841269841269877e+02
1.910770068027210868e+02
1.911931065759637249e+02
1.912859863945578240e+02
1.914020861678004621e+02
1.914949659863945612e+02
1.916110657596371993e+02
1.917039455782312984e+02
1.917968253968253975e+02
1.919129251700680356e+02
1.920058049886621347e+02
1.921219047619047728e+02
1.922147845804988719e+02
1.923308843537415100e+02
1.924237641723356091e+02
1.925166439909297083e+02
1.926327437641723463e+02
1.927256235827664455e+02
1.928185034013605446e+02
1.929346031746031827e+02
1.930274829931972818e+02
1.931435827664399199e+02
1.932364625850340190e+02
1.933293424036281181e+02
1.934454421768707562e+02
1.935383219954648553e+02
1.936544217687074934e+02
1.937473015873015925e+02
1.938634013605442306e+02
1.939562811791383297e+02
1.940723809523809393e+02
1.941652607709750669e+02
1.942813605442176765e+02
1.943510204081632651e+02
1.944903401360544137e+02
1.945832199546485128e+02
1.946993197278911509e+02
1.947689795918367395e+02
1.948850793650793776e+02
1.949779591836734767e+02
1.950476190476190368e+02
1.952101587301587244e+02
1.952798185941043130e+02
1.953959183673469511e+02
1.954887981859410502e+02
1.956048979591836599e+02
1.956977777777777874e+02
1.957906575963718865e+02
1.959299773242630351e+02
1.960228571428571342e+02
1.961157369614512334e+02
1.962086167800453609e+02
1.963247165532879706e+02
1.963711564625850201e+02
1.964175963718820981e+02
1.965336961451247078e+02
1.966265759637188069e+02
1.967194557823129344e+02
1.968355555555555441e+02
1.969284353741496716e+02
1.970445351473922813e+02
1.971374149659863804e+02
1.971838548752834583e+02
1.972535147392290185e+02
1.973928344671201955e+02
1.974392743764172451e+02
1.975553741496598548e+02
1.976482539682539823e+02
1.977643537414965920e+02
1.978572335600906911e+02
1.979268934240362796e+02
1.979733333333333292e+02
1.980662131519274283e+02
1.981823129251700664e+02
1.982751927437641655e+02
1.983680725623582646e+02
1.984377324263038531e+02
1.985538321995464912e+02
1.986699319727891293e+02
1.987628117913832284e+02
1.988092517006802780e+02
1.988556916099773275e+02
1.989253514739229161e+02
1.989717913832199656e+02
1.990182312925170152e+02
1.990878911564625753e+02
1.991343310657596248e+02
1.991807709750567028e+02
1.992736507936508019e+02
1.993200907029478515e+02
1.994594104308390001e+02
1.995755102040816382e+02
1.997612698412698364e+02
1.999238095238095241e+02
1.999934693877551126e+02
