1.0913378684807256 -1 0 0 0 0
1.509297052154195 0 -1 0 0 0
2.391655328798186 0 0 -1 0 -1
2.9024943310657596 0 -1 0 0 -1
3.575873015873016 0 0 -1 0 -1
4.760090702947846 0 -1 0 0 0
5.108390022675737 0 0 -1 -1 0
5.5495691609977325 0 0 0 0 -1
6.03718820861678 0 0 0 -1 0
6.5712471655328795 0 0 -1 0 -1
6.942766439909297 0 -1 0 0 0
7.267845804988662 -1 0 0 0 0
7.592925170068027 0 -1 0 0 1
8.777142857142858 0 0 0 0 1
9.961360544217687 0 0 -1 0 0
10.286439909297052 0 0 -1 0 0
10.95981859410431 0 -1 0 -1 0
11.284897959183674 0 0 -1 -1 0
11.633197278911565 0 0 0 0 -1
11.981496598639456 0 -1 0 -1 0
13.305034013605443 0 -1 0 0 -1
14.094512471655328 0 0 0 -1 0
14.466031746031746 0 -1 0 0 0
14.97687074829932 0 -1 1 0 0
15.301950113378684 0 0 1 0 0
15.789569160997733 0 -1 1 0 -1
17.159546485260773 0 0 0 0 -1
17.69360544217687 0 0 0 0 -1
18.11156462585034 0 0 0 -1 -1
18.45986394557823 0 -1 -1 0 0
19.272562358276645 0 0 -1 0 -1
19.644081632653062 0 0 0 0 -1
20.06204081632653 0 0 0 0 -1
20.48 0 -1 0 0 0
21.455238095238094 0 -1 -1 0 0
22.0821768707483 0 0 -1 0 -1
22.6162358276644 0 0 0 0 -1
22.96453514739229 0 -1 0 -1 0
23.289614512471655 0 -1 0 0 -1
23.800453514739228 0 0 -1 0 0
24.102312925170068 0 0 0 -1 -1
24.636371882086166 0 -1 0 0 -1
25.820589569160997 0 -1 -1 0 0
26.470748299319727 0 -1 0 0 0
27.724625850340136 0 -1 0 -1 0
28.11936507936508 0 0 0 -1 0
28.46766439909297 0 -1 0 0 0
28.792743764172336 0 -1 0 0 -1
29.094603174603176 0 0 0 -1 0
29.559002267573696 0 0 0 -1 0
30.116281179138323 0 0 -1 -1 0
30.464580498866212 0 -1 0 0 0
30.812879818594105 0 -1 0 1 0
31.973877551020408 0 0 -1 1 0
32.46149659863946 0 -1 0 0 0
32.80979591836735 0 -1 -1 0 1
33.45995464852608 0 -1 0 0 1
34.80671201814059 0 -1 1 0 1
35.294331065759636 0 -1 1 0 1
35.68907029478458 0 0 0 0 -1
36.47854875283447 0 -1 0 0 0
37.268027210884355 0 -1 0 0 0
37.63954648526077 0 0 0 -1 -1
37.964625850340134 0 -1 -1 0 0
38.47546485260771 0 -1 0 0 0
38.98630385487528 0 0 -1 0 0
39.288163265306125 0 0 -1 -1 0
40.28662131519275 0 -1 0 0 0
41.37795918367347 0 0 0 -1 0
41.795918367346935 0 -1 -1 0 0
42.120997732426304 -1 0 0 0 0
42.44607709750567 0 -1 0 0 0
42.79437641723356 0 -1 0 0 -1
43.42131519274376 0 0 0 -1 0
44.07147392290249 -1 0 0 0 0
44.44299319727891 0 -1 0 0 0
45.41823129251701 0 0 0 -1 -1
45.97551020408163 0 -1 0 0 0
46.300589569161 0 -1 0 -1 0
46.78820861678005 0 -1 0 -1 0
47.29904761904762 0 0 -1 0 0
47.64734693877551 -1 0 0 0 0
47.972426303854874 0 -1 0 -1 0
48.27428571428572 0 -1 -1 0 0
48.71546485260771 0 0 -1 -1 0
48.970884353741496 0 -1 -1 0 0
49.99256235827664 0 0 -1 0 0
50.271201814058955 0 -1 0 0 0
50.80526077097505 0 -1 0 -1 0
51.478639455782314 0 -1 0 0 0
52.291337868480724 0 -1 -1 0 0
52.848616780045354 0 0 -1 -1 0
53.31301587301587 0 0 -1 0 0
53.614875283446715 0 0 0 -1 -1
54.12571428571429 0 0 -1 0 -1
54.79909297052154 0 -1 0 -1 0
55.263492063492066 0 -1 0 -1 0
56.029750566893426 0 -1 -1 0 0
56.47092970521542 0 -1 -1 0 0
56.81922902494331 0 0 -1 0 0
57.0746485260771 0 0 0 -1 -1
58.11954648526077 0 0 0 -1 0
58.46784580498866 0 -1 -1 0 0
58.978684807256236 0 -1 -1 0 0
59.25732426303855 0 -1 0 -1 0
59.97714285714286 0 -1 0 0 0
60.279002267573695 0 -1 0 -1 0
60.62730158730159 0 0 0 -1 -1
60.9059410430839 0 0 -1 0 -1
61.30068027210884 0 -1 0 -1 0
61.62575963718821 0 0 0 0 -1
62.15981859410431 0 0 0 -1 -1
62.461678004535145 0 -1 0 0 0
62.78675736961451 0 -1 0 1 -1
63.15827664399093 0 0 0 1 -1
63.46013605442177 0 -1 0 1 0
64.45859410430839 0 -1 -1 1 0
66.13043083900227 0 0 0 -1 -1
66.47873015873016 0 -1 0 0 0
66.80380952380952 0 0 -1 0 0
67.1288888888889 0 0 0 -1 0
67.45396825396826 0 -1 0 0 0
67.96480725623583 0 -1 0 0 0
68.28988662131519 0 -1 0 0 -1
68.98648526077098 0 -1 0 0 -1
69.28834467120181 0 -1 0 0 -1
69.72952380952381 0 0 -1 0 -1
70.47256235827665 0 -1 0 0 0
70.98340136054422 0 -1 0 -1 0
71.26204081632653 0 -1 0 0 -1
71.65678004535147 0 0 -1 0 -1
72.05151927437642 0 0 -1 -1 0
72.65523809523809 0 0 0 -1 0
72.98031746031747 0 -1 -1 0 0
74.11809523809524 0 0 0 -1 0
74.46639455782314 0 -1 -1 0 0
74.7914739229025 0 -1 0 0 -1
75.25587301587302 0 -1 0 -1 0
75.697052154195 0 0 -1 0 0
76.27755102040817 0 -1 0 -1 0
76.62585034013605 0 0 0 -1 -1
76.90448979591837 0 0 -1 0 -1
77.46176870748299 0 -1 0 0 0
78.15836734693877 0 0 0 -1 0
78.46022675736961 0 -1 0 0 0
78.78530612244899 0 -1 0 0 -1
79.1568253968254 0 0 0 -1 0
79.45868480725623 0 -1 0 0 0
80.29460317460317 0 -1 -1 0 0
81.66458049886621 0 0 0 0 -1
82.12897959183674 0 0 0 -1 -1
82.47727891156462 0 -1 0 0 0
82.80235827664399 0 0 -1 0 0
83.10421768707484 0 0 0 -1 0
83.45251700680272 0 -1 0 0 0
84.12589569160998 0 0 -1 0 -1
84.47419501133787 0 -1 -1 0 0
84.7760544217687 0 0 -1 -1 0
85.1243537414966 0 0 0 -1 0
86.98195011337869 0 -1 0 0 -1
87.30702947845805 0 0 -1 -1 0
87.67854875283447 0 0 -1 -1 0
88.30548752834467 0 -1 0 0 0
88.81632653061224 0 -1 0 -1 0
89.46648526077098 0 -1 -1 0 0
89.81478458049887 0 0 -1 0 0
90.30240362811791 0 0 -1 0 0
90.79002267573696 0 -1 0 0 -1
91.13832199546485 0 0 0 -1 0
91.46340136054421 0 -1 0 0 0
91.78848072562359 0 -1 0 0 -1
92.46185941043083 0 -1 -1 0 0
93.29777777777778 0 -1 0 -1 0
93.59963718820862 -1 0 0 0 0
94.4819954648526 0 -1 0 0 0
94.80707482993198 0 0 -1 -1 0
95.13215419501134 0 0 0 -1 0
95.48045351473922 0 -1 -1 0 0
96.29315192743765 0 -1 0 -1 0
96.68789115646258 0 0 0 -1 0
96.9665306122449 0 -1 -1 0 0
97.29160997732426 0 0 0 -1 -1
97.5934693877551 0 0 0 0 -1
97.96498866213152 0 0 -1 0 0
98.3132879818594 0 0 -1 0 0
98.80090702947845 0 0 -1 0 0
99.2885260770975 0 0 -1 0 -1
99.77614512471655 0 0 -1 0 0
100.96036281179138 0 -1 -1 0 0
101.28544217687075 0 -1 0 -1 0
102.30712018140589 0 -1 0 -1 0
102.79473922902494 0 0 -1 0 0
103.09659863945578 0 0 -1 0 -1
103.65387755102041 0 0 0 -1 -1
103.97895691609978 0 -1 0 -1 0
104.65233560090702 0 0 -1 0 0
105.1631746031746 0 0 0 -1 -1
105.90621315192743 0 -1 0 0 -1
106.57959183673469 0 0 -1 0 -1
107.13687074829932 0 0 0 0 -1
107.46195011337869 0 0 -1 0 -1
108.55328798185941 0 0 -1 0 -1
108.94802721088435 0 -1 -1 0 0
110.29478458049887 0 -1 0 0 0
110.6895238095238 0 0 0 -1 0
110.96816326530612 0 -1 0 0 -1
111.47900226757369 0 -1 0 -1 0
112.47746031746031 0 -1 0 0 0
112.82575963718821 0 -1 0 -1 1
113.47591836734694 0 -1 0 0 1
113.82421768707484 0 0 -1 -1 1
114.28861678004534 0 -1 0 0 -1
115.47283446712018 0 -1 -1 0 0
115.82113378684807 0 0 -1 0 0
116.68027210884354 0 0 0 0 -1
116.95891156462585 0 0 -1 0 0
117.67873015873016 0 0 0 -1 -1
118.30566893424036 0 -1 -1 0 0
118.63074829931973 0 0 0 0 -1
118.97904761904762 0 -1 0 0 -1
119.60598639455782 0 0 0 -1 0
119.97750566893424 0 -1 0 -1 0
121.16172335600908 0 0 0 0 -1
121.99764172335601 0 -1 0 0 -1
122.97287981859411 0 -1 -1 0 0
123.69269841269842 0 0 0 0 -1
123.99455782312926 0 -1 0 0 -1
124.27319727891157 0 -1 -1 0 0
125.45741496598639 0 -1 -1 0 0
126.13079365079365 0 0 -1 -1 0
126.45587301587301 0 -1 0 0 0
127.64009070294784 0 0 0 0 -1
127.98839002267573 0 -1 -1 0 0
128.4760090702948 0 -1 0 0 0
128.82430839002268 0 -1 1 0 -1
129.33514739229025 0 -1 1 0 -1
129.59056689342404 -1 0 0 0 0
129.98530612244897 0 0 -1 0 0
130.9837641723356 0 -1 0 -1 0
131.28562358276645 0 -1 0 0 -1
131.98222222222222 0 0 -1 0 0
132.44662131519274 0 -1 -1 0 0
132.79492063492063 0 0 -1 0 0
133.16643990929705 0 0 -1 -1 0
133.60761904761904 0 0 0 -1 -1
134.1184580498866 0 0 -1 0 -1
135.2562358276644 0 -1 0 -1 0
135.65097505668933 0 0 -1 0 0
136.02249433106576 0 -1 -1 0 0
136.46367346938774 0 -1 0 0 -1
136.97451247165532 0 -1 0 0 0
137.67111111111112 0 0 0 1 -1
138.29804988662133 0 0 -1 1 0
138.6463492063492 0 0 0 1 -1
139.69124716553287 0 0 -1 1 0
140.48072562358277 0 -1 0 0 0
140.9683446712018 0 -1 0 0 -1
141.47918367346938 0 -1 -1 0 0
141.96680272108844 0 -1 0 0 -1
142.47764172335602 0 -1 0 0 0
142.80272108843536 0 -1 0 0 -1
143.47609977324262 0 -1 0 0 0
143.8243990929705 0 0 -1 0 0
144.31201814058957 0 -1 -1 0 0
144.59065759637187 0 0 0 -1 0
145.5891156462585 0 0 0 0 -1
146.1231746031746 0 0 0 -1 -1
146.6572335600907 0 0 0 0 -1
146.98231292517008 0 -1 0 -1 0
147.67891156462585 0 0 -1 0 -1
147.98077097505669 0 -1 -1 0 0
148.30585034013606 0 -1 0 0 -1
149.30430839002267 0 -1 0 0 -1
150.3027664399093 0 -1 0 0 -1
150.79038548752834 0 -1 0 0 -1
151.09224489795918 0 0 0 -1 0
151.4637641723356 0 -1 0 0 0
152.06748299319727 0 0 -1 0 -1
152.4622222222222 0 -1 -1 0 0
152.97306122448978 0 -1 -1 0 0
153.46068027210885 0 -1 0 0 -1
153.80897959183673 0 -1 0 0 -1
154.2965986394558 0 0 -1 0 0
154.6681179138322 0 0 0 0 -1
155.57369614512473 0 0 0 -1 -1
156.2702947845805 0 -1 0 -1 0
156.9901133786848 0 -1 0 0 -1
157.29197278911565 0 -1 0 0 -1
157.64027210884353 0 0 0 0 -1
158.29043083900225 0 0 -1 -1 0
158.63873015873017 0 0 0 -1 0
159.26566893424035 0 0 -1 0 0
159.79972789115646 0 0 -1 0 0
160.47310657596373 0 -1 0 0 0
161.7966439909297 0 -1 0 0 -1
162.12172335600906 0 0 0 -1 -1
162.79510204081632 0 0 -1 0 0
163.46848072562358 0 -1 0 0 0
163.79356009070295 0 0 -1 -1 0
164.07219954648525 0 0 -1 0 -1
164.46693877551022 0 -1 0 -1 0
164.79201814058956 0 0 -1 0 0
165.14031746031745 0 0 0 -1 -1
165.7904761904762 0 0 -1 0 0
166.46385487528346 0 -1 0 0 0
166.81215419501135 0 0 -1 0 0
167.29977324263038 0 -1 0 -1 0
167.6712925170068 -1 0 0 0 0
167.9499319727891 0 -1 0 -1 0
168.29823129251702 0 -1 0 -1 0
168.6465306122449 0 -1 0 -1 0
168.97160997732425 0 -1 -1 0 0
169.8075283446712 0 0 -1 -1 0
170.10938775510203 0 0 0 -1 0
170.48090702947846 0 -1 0 -1 0
170.9685260770975 0 -1 0 -1 0
172.05986394557823 0 0 -1 0 -1
172.45460317460316 0 -1 -1 0 0
172.8261224489796 0 -1 0 0 -1
173.6156009070295 0 0 0 -1 0
174.10321995464852 0 0 0 -1 -1
175.12489795918367 0 0 -1 0 -1
175.6821768707483 0 0 0 -1 -1
175.96081632653062 0 -1 -1 0 0
176.28589569160997 0 -1 0 0 -1
176.6574149659864 0 0 0 -1 -1
176.91283446712018 0 0 0 -1 0
177.70231292517008 0 0 0 -1 -1
177.95773242630386 0 -1 0 0 -1
178.46857142857144 0 -1 -1 0 0
178.77043083900227 0 -1 0 0 -1
179.1419501133787 0 0 -1 -1 0
179.46702947845804 0 -1 0 0 0
180.07074829931972 0 0 0 -1 -1
180.41904761904763 0 -1 0 0 0
180.79056689342403 0 0 -1 0 0
181.48716553287983 0 -1 0 0 -1
181.97478458049886 0 -1 0 -1 0
182.29986394557824 0 0 -1 -1 0
182.57850340136054 0 0 0 -1 0
183.32154195011339 0 0 -1 0 0
183.9717006802721 0 -1 0 0 -1
185.48099773242632 0 -1 0 -1 0
186.2704761904762 0 0 -1 -1 0
186.85097505668935 0 0 -1 0 -1
187.7797732426304 0 0 -1 -1 0
188.10485260770974 0 0 -1 0 -1
188.42993197278912 0 -1 -1 0 0
189.73024943310656 0 -1 0 -1 0
190.84480725623584 0 0 -1 0 0
191.47174603174602 0 -1 -1 0 0
192.26122448979592 0 0 -1 0 0
193.5847619047619 0 0 0 -1 -1
193.81696145124715 0 0 -1 -1 0
194.11882086167802 0 0 0 -1 -1
194.6296598639456 0 0 0 -1 0
194.97795918367348 0 0 -1 0 0
196.06929705215418 0 0 0 -1 0
196.4408163265306 0 -1 0 -1 0
196.97487528344672 0 -1 -1 0 0
197.62503401360544 0 0 -1 0 0
198.08943310657597 0 0 -1 0 0
198.43773242630385 0 -1 0 -1 0
198.80925170068028 0 0 -1 0 0
200.99192743764172 0 -1 -1 0 0
202.0368253968254 0 -1 0 0 -1
203.03528344671201 0 -1 0 0 0
203.49968253968254 0 -1 0 0 1
204.2659410430839 0 -1 0 0 1
204.77678004535147 0 0 -1 0 1
205.28761904761905 0 -1 0 0 1
205.75201814058957 0 0 -1 0 0
206.2396371882086 0 -1 0 0 -1
207.8185941043084 0 0 0 -1 -1
208.0740136054422 0 0 0 -1 0
208.39909297052154 0 -1 0 -1 0
208.86349206349206 0 0 -1 -1 0
209.30467120181405 0 0 -1 -1 0
210.00126984126985 0 -1 0 0 -1
210.65142857142857 0 0 0 -1 0
211.46412698412698 0 -1 -1 0 0
212.25360544217688 0 -1 0 0 0
212.95020408163265 0 -1 1 0 0
213.67002267573696 0 0 1 0 -1
214.45950113378686 0 0 -1 0 0
214.80780045351474 0 0 -1 0 0
215.27219954648527 0 -1 0 -1 0
216.03845804988663 0 -1 0 0 -1
216.4796371882086 0 -1 -1 0 0
216.96725623582768 0 -1 -1 0 0
218.12825396825397 0 0 0 -1 0
218.63909297052155 0 0 0 0 -1
218.96417233560092 0 -1 0 -1 0
219.26603174603176 0 -1 0 0 -1
220.79854875283448 0 0 -1 0 0
221.2861678004535 0 0 -1 0 0
222.63292517006803 0 0 0 -1 0
223.16698412698412 0 0 0 -1 -1
223.81714285714287 0 0 -1 0 0
224.4673015873016 0 -1 0 0 0
224.97814058956916 0 -1 0 -1 0
225.4657596371882 0 -1 0 -1 0
225.8140589569161 0 0 -1 0 0
226.46421768707484 0 -1 0 0 0
226.81251700680272 0 0 -1 -1 0
228.2985941043084 0 -1 0 0 -1
228.73977324263038 0 0 -1 -1 0
229.1112925170068 0 0 0 -1 0
229.48281179138323 0 -1 0 0 -1
230.29551020408164 0 0 -1 -1 0
231.0849886621315 0 0 0 -1 -1
231.47972789115647 0 -1 0 0 0
232.29242630385488 0 -1 -1 0 0
233.61596371882086 0 0 0 0 -1
234.12680272108844 0 0 0 -1 0
234.9627210884354 0 -1 0 0 -1
235.47356009070296 0 -1 0 0 0
236.12371882086168 0 0 0 0 -1
236.88997732426304 0 0 -1 0 -1
237.30793650793652 0 0 -1 0 0
238.30639455782313 0 0 -1 -1 0
238.6314739229025 0 0 0 -1 0
239.16553287981858 0 0 0 -1 -1
239.46739229024942 0 -1 0 0 0
239.81569160997734 0 0 -1 0 0
240.81414965986394 0 0 -1 -1 0
241.25532879818593 0 0 0 -1 0
242.13768707482993 0 0 0 -1 -1
242.4627664399093 0 -1 0 0 0
242.8110657596372 0 0 -1 0 0
243.4612244897959 0 -1 0 0 0
244.29714285714286 0 -1 0 0 -1
244.7847619047619 0 0 -1 -1 0
245.1330612244898 0 0 0 -1 -1
245.4813605442177 0 -1 0 -1 0
245.96897959183673 0 -1 0 0 -1
246.201179138322 0 0 0 0 -1
246.78167800453514 0 0 -1 0 0
247.08353741496597 0 0 -1 0 -1
247.47827664399094 0 -1 0 -1 0
247.80335600907028 0 -1 0 0 -1
248.1516553287982 0 -1 0 0 -1
248.47673469387755 0 -1 -1 0 0
248.80181405895692 0 -1 -1 0 0
249.98603174603176 0 0 0 -1 0
250.96126984126985 0 -1 0 -1 0
251.93650793650792 0 0 0 0 -1
252.4473469387755 0 -1 0 0 0
252.9814058956916 0 -1 -1 1 0
253.79410430839002 0 0 -1 1 0
254.56036281179138 0 0 0 -1 0
255.0015419501134 0 -1 -1 0 0
255.4659410430839 0 -1 0 0 0
257.2538775510204 -1 0 0 0 0
257.7182766439909 -1 0 0 0 0
259.1114739229025 -1 0 0 0 0