1.0913378684807256 -1 0 0 0 0
1.3235374149659864 -1 0 0 0 0
1.509297052154195 0 -1 0 0 0
1.8575963718820863 0 -1 -1 0 0
2.391655328798186 0 0 -1 0 -1
2.5541950113378684 0 0 0 -1 -1
2.9024943310657596 0 -1 0 0 -1
3.3436734693877552 0 -1 -1 0 0
3.575873015873016 0 0 -1 0 -1
4.249251700680272 0 0 0 0 -1
4.760090702947846 0 -1 0 0 0
4.9458503401360545 0 -1 0 -1 0
5.108390022675737 0 0 -1 -1 0
5.433469387755102 0 -1 0 0 0
5.5495691609977325 0 1 0 0 -1
5.758548752834467 0 1 -1 0 0
6.03718820861678 0 1 0 -1 0
6.431927437641724 0 -1 0 0 0
6.5712471655328795 0 0 -1 0 -1
6.780226757369615 0 0 -1 -1 0
6.942766439909297 0 -1 0 0 0
7.151746031746032 0 0 1 -1 -1
7.267845804988662 -1 0 0 0 0
7.476825396825397 0 -1 1 0 0
7.592925170068027 0 -1 0 1 -1
8.312743764172335 0 -1 0 1 0
8.777142857142858 0 0 0 1 -1
9.241541950113378 0 0 0 1 -1
9.961360544217687 0 0 -1 1 0
10.147120181405896 0 0 0 0 -1
10.286439909297052 0 0 -1 0 0
10.797278911564625 0 0 -1 0 0
10.95981859410431 0 -1 0 -1 0
11.122358276643991 0 0 -1 0 -1
11.284897959183674 0 0 -1 -1 0
11.470657596371883 0 -1 0 0 0
11.633197278911565 0 0 0 0 -1
11.77251700680272 0 0 -1 0 0
11.981496598639456 0 -1 0 -1 0
13.142494331065759 0 0 -1 0 -1
13.305034013605443 0 -1 0 0 -1
13.79265306122449 0 0 -1 -1 0
14.094512471655328 0 0 0 -1 0
14.303492063492063 0 -1 0 0 -1
14.466031746031746 0 -1 0 0 0
14.79111111111111 0 0 -1 -1 1
14.97687074829932 0 -1 -1 0 1
15.116190476190477 0 0 0 -1 1
15.301950113378684 0 0 -1 0 0
15.464489795918368 0 -1 0 0 0
15.789569160997733 0 -1 0 0 -1
16.81124716553288 0 -1 -1 0 0
17.159546485260773 0 0 0 0 -1
17.46140589569161 0 -1 0 -1 0
17.69360544217687 0 0 0 0 -1
17.809705215419502 0 0 -1 0 0
18.11156462585034 0 0 0 -1 -1
18.297324263038547 0 0 -1 0 0
18.45986394557823 0 -1 -1 0 0
18.784943310657596 0 0 -1 0 0
19.272562358276645 0 0 -1 0 -1
19.458321995464853 0 -1 0 0 0
19.644081632653062 0 0 0 0 -1
19.783401360544218 0 -1 0 0 -1
20.06204081632653 0 0 0 0 -1
20.29424036281179 0 -1 0 -1 0
20.48 0 -1 0 0 0
21.13015873015873 0 0 0 -1 -1
21.455238095238094 0 -1 -1 0 0
21.966077097505668 0 -1 0 -1 0
22.0821768707483 0 0 -1 0 -1
22.47691609977324 0 -1 0 0 0
22.6162358276644 0 0 0 0 -1
22.801995464852606 0 -1 0 0 -1
22.96453514739229 0 -1 0 -1 0
23.08063492063492 0 0 -1 0 -1
23.289614512471655 0 -1 0 0 -1
23.475374149659864 0 -1 0 0 0
23.800453514739228 0 0 -1 0 0
23.986213151927437 0 0 -1 -1 0
24.102312925170068 0 0 0 -1 -1
24.288072562358277 0 -1 -1 0 0
24.636371882086166 0 -1 0 0 -1
25.21687074829932 0 0 0 0 -1
25.820589569160997 0 -1 -1 0 0
26.308208616780046 0 -1 0 0 -1
26.470748299319727 0 -1 0 0 0
26.79582766439909 0 -1 0 0 -1
27.724625850340136 0 -1 0 -1 0
27.93360544217687 0 0 -1 -1 0
28.11936507936508 0 0 0 -1 0
28.305124716553287 0 -1 0 -1 0
28.46766439909297 0 -1 0 0 0
28.676643990929705 0 0 0 0 -1
28.792743764172336 0 -1 0 0 -1
28.978503401360545 0 -1 -1 0 0
29.094603174603176 0 0 0 -1 0
29.30358276643991 0 0 -1 0 0
29.559002267573696 0 0 0 -1 0
29.72154195011338 0 0 0 -1 0
30.116281179138323 0 0 -1 -1 0
30.232380952380954 0 0 0 0 -1
30.464580498866212 0 -1 0 0 0
30.65034013605442 0 0 1 -1 0
30.812879818594105 0 -1 1 -1 0
31.463038548752834 0 -1 1 -1 0
31.973877551020408 0 0 1 0 0
32.275736961451244 0 -1 0 0 0
32.46149659863946 0 -1 0 1 0
32.69369614512472 0 0 0 1 1
32.80979591836735 0 -1 -1 1 1
33.32063492063492 0 0 0 1 1
33.45995464852608 0 -1 0 1 1
34.481632653061226 0 -1 1 -1 0
34.80671201814059 0 -1 1 0 -1
34.969251700680275 0 -1 1 0 0
35.294331065759636 0 -1 1 0 -1
35.48009070294785 0 -1 0 0 0
35.68907029478458 0 0 0 0 -1
36.29278911564626 0 -1 0 -1 0
36.47854875283447 0 -1 0 0 0
36.78040816326531 0 -1 0 0 0
37.268027210884355 0 -1 0 0 0
37.477006802721085 0 -1 0 -1 0
37.63954648526077 0 0 0 -1 -1
37.77886621315193 0 0 -1 0 -1
37.964625850340134 0 -1 -1 0 0
38.2897052154195 0 -1 -1 0 0
38.47546485260771 0 -1 0 0 0
38.800544217687076 0 -1 0 -1 0
38.98630385487528 0 0 -1 0 0
39.10240362811791 0 0 -1 -1 0
39.288163265306125 0 0 -1 -1 0
39.9847619047619 0 -1 0 -1 0
40.28662131519275 0 -1 0 0 0
40.820680272108845 0 -1 -1 0 0
41.37795918367347 0 0 0 -1 0
41.65659863945578 0 0 0 0 -1
41.795918367346935 0 -1 -1 0 0
41.98167800453515 0 -1 0 0 -1
42.120997732426304 -1 0 0 0 0
42.26031746031746 0 -1 0 0 -1
42.44607709750567 0 -1 0 0 0
42.60861678004535 0 0 0 -1 -1
42.79437641723356 0 -1 0 0 -1
43.30521541950113 0 0 -1 0 0
43.42131519274376 0 0 0 -1 0
43.816054421768705 0 -1 0 -1 0
44.07147392290249 -1 0 0 0 0
44.28045351473923 0 -1 0 0 0
44.44299319727891 0 -1 0 0 0
45.27891156462585 0 -1 -1 0 0
45.41823129251701 0 0 0 -1 -1
45.789750566893424 0 0 -1 0 0
45.97551020408163 0 -1 0 0 0
46.13804988662132 0 0 -1 0 -1
46.300589569161 0 -1 0 -1 0
46.46312925170068 0 -1 0 0 0
46.78820861678005 0 -1 0 -1 0
46.9275283446712 0 0 -1 0 -1
47.29904761904762 0 0 -1 0 0
47.4615873015873 0 -1 0 0 0
47.64734693877551 -1 0 0 0 0
47.78666666666667 0 -1 0 1 0
47.972426303854874 0 -1 0 1 0
48.134965986394555 0 0 0 0 -1
48.27428571428572 0 -1 -1 0 0
48.46004535147392 0 -1 0 0 0
48.71546485260771 0 0 -1 -1 1
48.83156462585034 0 0 -1 -1 1
48.970884353741496 0 -1 -1 0 1
49.36562358276644 0 -1 0 0 1
49.99256235827664 0 0 -1 0 0
50.155102040816324 -1 0 0 0 0
50.271201814058955 0 -1 0 0 0
50.48018140589569 0 -1 -1 0 0
50.80526077097505 0 -1 0 -1 0
51.2928798185941 0 -1 0 0 -1
51.478639455782314 0 -1 0 0 0
51.803718820861675 0 -1 -1 0 0
52.291337868480724 0 -1 -1 0 0
52.453877551020405 0 -1 0 0 0
52.848616780045354 0 0 -1 -1 0
52.964716553287985 0 -1 0 0 0
53.31301587301587 0 0 -1 0 0
53.47555555555556 0 -1 -1 0 0
53.614875283446715 0 0 0 -1 -1
53.9631746031746 0 -1 0 0 -1
54.12571428571429 0 0 -1 0 -1
54.63655328798186 0 0 -1 0 0
54.79909297052154 0 -1 0 -1 0
54.96163265306122 0 -1 0 0 0
55.263492063492066 0 -1 0 -1 0
55.77433106575964 0 0 -1 0 0
56.029750566893426 0 -1 -1 0 0
56.30839002267574 0 -1 0 0 0
56.47092970521542 0 -1 -1 0 0
56.70312925170068 0 0 0 -1 0
56.81922902494331 0 0 -1 0 0
56.95854875283447 0 -1 0 0 0
57.0746485260771 0 0 0 -1 -1
57.980226757369614 0 -1 0 0 -1
58.11954648526077 0 0 0 -1 0
58.28208616780045 0 0 -1 -1 0
58.46784580498866 0 -1 -1 0 0
58.792925170068024 0 -1 0 0 -1
58.978684807256236 0 -1 -1 0 0
59.11800453514739 0 0 0 -1 -1
59.25732426303855 0 -1 0 -1 0
59.69850340136055 0 0 -1 -1 0
59.97714285714286 0 -1 0 0 0
60.116462585034014 0 0 0 0 -1
60.279002267573695 0 -1 0 -1 0
60.46476190476191 0 -1 0 0 0
60.62730158730159 0 0 0 -1 -1
60.766621315192744 0 0 -1 0 0
60.9059410430839 0 0 -1 0 -1
61.161360544217686 0 0 -1 0 -1
61.30068027210884 0 -1 0 -1 0
61.46321995464853 0 -1 0 0 0
61.62575963718821 0 0 0 0 -1
61.78829931972789 0 0 -1 -1 0
62.15981859410431 0 0 0 -1 -1
62.299138321995464 0 -1 0 0 -1
62.461678004535145 0 -1 0 0 0
62.64743764172336 0 0 1 -1 0
62.78675736961451 0 -1 1 0 -1
62.97251700680272 0 -1 1 -1 0
63.15827664399093 0 0 1 -1 -1
63.27437641723356 0 0 -1 -1 0
63.46013605442177 0 -1 0 0 0
64.2960544217687 0 -1 -1 0 0
64.45859410430839 0 -1 -1 0 0
65.96789115646258 0 0 -1 0 0
66.13043083900227 0 0 0 -1 -1
66.29297052154195 0 0 -1 0 0
66.47873015873016 0 -1 0 0 0
66.61804988662132 0 0 0 0 -1
66.80380952380952 0 0 -1 0 0
66.96634920634921 0 -1 -1 0 0
67.1288888888889 0 0 0 -1 0
67.26820861678004 0 0 -1 0 -1
67.45396825396826 0 -1 0 0 0
67.77904761904762 0 0 -1 -1 0
67.96480725623583 0 -1 0 0 0
68.12734693877552 0 0 -1 0 -1
68.28988662131519 0 -1 0 0 -1
68.4756462585034 0 -1 -1 0 0
68.98648526077098 0 -1 0 0 -1
69.12580498866213 0 0 0 -1 0
69.28834467120181 0 -1 0 0 -1
69.47410430839003 0 -1 -1 0 0
69.72952380952381 0 0 -1 0 -1
70.31002267573696 0 0 -1 0 0
70.47256235827665 0 -1 0 0 0
70.6118820861678 0 0 0 -1 -1
70.98340136054422 0 -1 0 -1 0
71.09950113378684 0 0 0 -1 -1
71.26204081632653 0 -1 0 0 -1
71.47102040816327 0 -1 0 0 0
71.65678004535147 0 0 -1 1 -1
71.79609977324263 0 0 -1 1 0
72.05151927437642 0 0 -1 1 0
72.46947845804989 0 -1 -1 1 0
72.65523809523809 0 0 0 -1 0
72.79455782312925 0 -1 0 0 0
72.98031746031747 0 -1 -1 0 0
73.35183673469388 0 0 0 -1 -1
74.11809523809524 0 0 0 -1 0
74.30385487528345 0 0 -1 -1 0
74.46639455782314 0 -1 -1 0 0
74.65215419501133 0 0 0 0 -1
74.7914739229025 0 -1 0 0 -1
75.13977324263038 0 0 0 -1 -1
75.25587301587302 0 -1 0 -1 0
75.46485260770974 0 -1 0 0 0
75.697052154195 0 0 -1 0 0
76.11501133786848 0 0 0 0 -1
76.27755102040817 0 -1 0 -1 0
76.46331065759637 0 -1 0 0 0
76.62585034013605 0 0 0 -1 -1
76.78839002267574 0 0 -1 0 0
76.90448979591837 0 0 -1 0 -1
77.15990929705215 0 0 -1 0 -1
77.46176870748299 0 -1 0 0 0
77.60108843537415 0 0 0 0 -1
78.15836734693877 0 0 0 -1 0
78.29768707482994 0 -1 0 0 -1
78.46022675736961 0 -1 0 0 0
78.64598639455782 0 0 0 -1 0
78.78530612244899 0 -1 0 0 -1
78.97106575963718 0 -1 0 0 -1
79.1568253968254 0 0 0 -1 0
79.27292517006802 0 0 -1 -1 0
79.45868480725623 0 -1 0 0 0
79.80698412698413 0 0 -1 0 0
80.29460317460317 0 -1 -1 0 0
80.45714285714286 0 -1 -1 0 0
81.66458049886621 0 0 0 0 -1
81.96643990929705 0 0 -1 0 0
82.12897959183674 0 0 0 -1 -1
82.29151927437641 0 0 -1 0 0
82.47727891156462 0 -1 0 0 0
82.66303854875284 0 0 0 0 -1
82.80235827664399 0 0 -1 0 0
82.96489795918367 0 -1 -1 0 0
83.10421768707484 0 0 0 -1 0
83.26675736961451 0 0 -1 0 -1
83.45251700680272 0 -1 0 0 0
83.9633560090703 0 -1 -1 0 0
84.12589569160998 0 0 -1 0 -1
84.31165532879818 0 -1 0 0 -1
84.47419501133787 0 -1 -1 0 0
84.5902947845805 0 0 0 -1 -1
84.7760544217687 0 0 -1 -1 0
84.98503401360544 0 -1 0 0 -1
85.1243537414966 0 0 0 -1 0
85.3101133786848 0 0 -1 0 0
86.98195011337869 0 -1 0 0 -1
87.14448979591836 0 0 -1 0 -1
87.30702947845805 0 0 -1 -1 0
87.46956916099774 0 -1 -1 0 0
87.67854875283447 0 0 -1 -1 0
87.7946485260771 0 -1 0 0 -1
88.30548752834467 0 -1 0 0 0
88.63056689342403 0 0 -1 0 0
88.81632653061224 0 -1 0 -1 0
89.23428571428572 0 0 0 0 -1
89.46648526077098 0 -1 -1 0 0
89.69868480725624 0 0 0 0 -1
89.81478458049887 0 0 -1 0 0
90.09342403628118 0 0 0 -1 -1
90.30240362811791 0 0 -1 0 0
90.4649433106576 0 -1 0 0 0
90.79002267573696 0 -1 0 0 -1
90.97578231292518 0 -1 -1 0 0
91.13832199546485 0 0 0 -1 0
91.27764172335601 0 0 -1 -1 0
91.46340136054421 0 -1 0 0 0
91.64916099773242 0 0 0 0 -1
91.78848072562359 0 -1 0 0 -1
92.29931972789116 0 -1 -1 0 0
92.46185941043083 0 -1 -1 0 0
93.1352380952381 0 0 0 -1 0
93.29777777777778 0 -1 0 -1 0
93.46031746031746 0 -1 -1 0 0
93.59963718820862 -1 0 0 0 0
93.78539682539683 0 0 -1 0 -1
94.4819954648526 0 -1 0 0 0
94.69097505668934 0 0 0 0 -1
94.80707482993198 0 0 -1 -1 0
94.96961451247165 0 -1 0 -1 0
95.13215419501134 0 0 0 -1 0
95.31791383219955 0 -1 0 0 -1
95.48045351473922 0 -1 -1 0 0
96.13061224489796 0 -1 0 0 0
96.29315192743765 0 -1 0 -1 0
96.45569160997732 0 -1 0 0 0
96.68789115646258 0 0 0 -1 0
96.80399092970522 0 -1 -1 0 0
96.9665306122449 0 -1 -1 0 0
97.17551020408163 0 0 0 0 -1
97.29160997732426 0 0 0 -1 -1
97.47736961451247 0 -1 -1 0 0
97.5934693877551 0 0 0 0 -1
97.70956916099773 0 0 0 0 -1
97.96498866213152 0 0 -1 0 0
98.10430839002268 0 0 0 0 -1
98.3132879818594 0 0 -1 0 0
98.47582766439909 0 -1 -1 0 0
98.80090702947845 0 0 -1 0 0
98.96344671201814 0 -1 0 0 -1
99.2885260770975 0 0 -1 0 -1
99.45106575963719 0 -1 -1 0 0
99.77614512471655 0 0 -1 0 0
100.28698412698412 0 -1 0 -1 0
100.96036281179138 0 -1 -1 0 0
101.12290249433107 0 0 0 -1 0
101.28544217687075 0 -1 0 -1 0
101.47120181405896 0 -1 -1 0 0
102.30712018140589 0 -1 0 -1 0
102.46965986394558 0 -1 0 0 0
102.79473922902494 0 0 -1 0 0
102.98049886621315 0 -1 -1 0 0
103.09659863945578 0 0 -1 0 -1
103.30557823129251 0 -1 0 -1 0
103.65387755102041 0 0 0 -1 -1
103.79319727891156 0 -1 0 0 -1
103.97895691609978 0 -1 0 -1 0
104.30403628117914 0 -1 -1 0 0
104.65233560090702 0 0 -1 0 0
104.95419501133787 0 -1 -1 0 0
105.1631746031746 0 0 0 -1 -1
105.72045351473923 0 0 0 -1 -1
105.90621315192743 0 -1 0 0 -1
106.18485260770976 0 0 -1 0 -1
106.57959183673469 0 0 -1 0 -1
106.88145124716553 0 -1 0 -1 0
107.13687074829932 0 0 0 0 -1
107.299410430839 0 0 -1 0 -1
107.46195011337869 0 0 -1 0 -1
108.34430839002268 0 -1 0 0 -1
108.55328798185941 0 0 -1 0 -1
108.69260770975056 0 0 0 0 -1
108.94802721088435 0 -1 -1 0 0
110.13224489795918 0 0 -1 -1 0
110.29478458049887 0 -1 0 0 0
110.45732426303854 0 -1 0 0 0
110.6895238095238 0 0 0 -1 0
110.80562358276644 0 0 -1 0 0
110.96816326530612 0 -1 0 0 -1
111.10748299319728 0 0 -1 0 -1
111.47900226757369 0 -1 0 -1 0
112.29170068027211 0 -1 -1 0 0
112.47746031746031 0 -1 0 0 0
112.68643990929705 0 0 0 0 1
112.82575963718821 0 -1 0 -1 1
112.96507936507936 0 -1 -1 0 1
113.47591836734694 0 -1 0 0 0
113.68489795918367 0 -1 -1 0 0
113.82421768707484 0 0 -1 -1 0
113.96353741496598 0 -1 0 -1 0
114.28861678004534 0 -1 0 0 -1
114.47437641723356 0 -1 0 0 -1
115.47283446712018 0 -1 -1 0 0
115.63537414965987 0 0 0 -1 -1
115.82113378684807 0 0 -1 0 0
116.4712925170068 0 -1 0 0 0
116.68027210884354 0 0 0 0 -1
116.81959183673469 0 -1 -1 0 0
116.95891156462585 0 0 -1 0 0
117.28399092970521 0 -1 0 0 0
117.67873015873016 0 0 0 -1 -1
117.980589569161 0 -1 0 0 -1
118.30566893424036 0 -1 -1 0 0
118.46820861678005 0 -1 0 0 0
118.63074829931973 0 0 1 0 -1
118.77006802721088 0 -1 1 -1 0
118.97904761904762 0 -1 1 0 -1
119.30412698412698 0 -1 0 0 -1
119.60598639455782 0 0 0 -1 0
119.79174603174603 0 -1 0 -1 0
119.97750566893424 0 -1 0 -1 0
120.81342403628118 0 -1 0 -1 0
121.16172335600908 0 0 0 0 -1
121.46358276643991 0 -1 0 0 -1
121.99764172335601 0 -1 0 0 -1
122.7871201814059 0 0 -1 0 0
122.97287981859411 0 -1 -1 0 0
123.48371882086168 0 -1 0 -1 0
123.69269841269842 0 0 0 0 -1
123.80879818594104 0 -1 -1 0 0
123.99455782312926 0 -1 0 0 -1
124.11065759637188 -1 0 0 0 0
124.27319727891157 0 -1 -1 0 0
124.45895691609978 0 -1 0 0 0
125.45741496598639 0 -1 -1 0 0
125.96825396825396 0 -1 0 0 0
126.13079365079365 0 0 -1 -1 0
126.27011337868481 0 -1 0 -1 0
126.45587301587301 0 -1 0 0 0
126.80417233560091 0 -1 0 0 -1
127.64009070294784 0 0 0 0 -1
127.80263038548753 0 -1 -1 0 0
127.98839002267573 0 -1 -1 0 0
128.29024943310657 0 -1 0 0 0
128.4760090702948 0 -1 0 0 0
128.68498866213153 0 0 -1 1 -1
128.82430839002268 0 -1 0 1 -1
128.98684807256237 0 -1 -1 1 0
129.33514739229025 0 -1 0 1 -1
129.4744671201814 0 -1 0 -1 0
129.59056689342404 -1 0 0 0 0
129.79954648526078 0 -1 0 0 0
129.98530612244897 0 0 -1 0 0
130.79800453514738 0 -1 0 0 -1
130.9837641723356 0 -1 0 -1 0
131.14630385487527 0 0 0 -1 0
131.28562358276645 0 -1 0 0 -1
131.79646258503402 0 -1 0 -1 0
131.98222222222222 0 0 -1 0 0
132.28408163265306 0 -1 -1 0 0
132.44662131519274 0 -1 -1 0 0
132.65560090702948 0 0 -1 -1 0
132.79492063492063 0 0 -1 0 0
132.98068027210886 0 -1 0 -1 0
133.16643990929705 0 0 -1 -1 0
133.2825396825397 0 0 -1 -1 0
133.60761904761904 0 0 0 -1 -1
133.97913832199546 0 -1 -1 0 0
134.1184580498866 0 0 -1 0 -1
134.9775963718821 0 -1 0 0 0
135.2562358276644 0 -1 0 -1 0
135.48843537414967 0 -1 0 0 0
135.65097505668933 0 0 -1 0 1
135.83673469387756 0 0 -1 0 1
136.02249433106576 0 -1 -1 0 1
136.30113378684808 0 -1 0 0 0
136.46367346938774 0 -1 0 0 -1
136.69587301587302 0 0 0 -1 0
136.97451247165532 0 -1 0 0 0
137.46213151927438 0 -1 1 -1 0
137.67111111111112 0 0 1 0 -1
138.1122902494331 0 0 1 -1 0
138.29804988662133 0 0 -1 0 0
138.460589569161 0 -1 -1 0 0
138.6463492063492 0 0 0 -1 -1
139.57514739229026 0 0 0 0 -1
139.69124716553287 0 0 -1 -1 0
140.27174603174603 0 -1 0 -1 0
140.48072562358277 0 -1 0 0 0
140.75936507936507 0 0 -1 0 0
140.9683446712018 0 -1 0 0 -1
141.15410430839003 0 0 -1 0 -1
141.47918367346938 0 -1 -1 0 0
141.61850340136056 0 0 0 0 -1
141.96680272108844 0 -1 0 0 -1
142.2918820861678 0 0 -1 0 0
142.47764172335602 0 -1 0 0 0
142.6401814058957 0 0 0 -1 -1
142.80272108843536 0 -1 0 0 -1
142.9884807256236 0 -1 0 -1 0
143.47609977324262 0 -1 0 0 0
143.66185941043085 0 0 0 -1 0
143.8243990929705 0 0 -1 0 0
144.19591836734693 0 0 0 0 -1
144.31201814058957 0 -1 -1 0 0
144.47455782312926 0 -1 -1 0 0
144.59065759637187 0 0 0 -1 0
144.98539682539683 0 -1 0 -1 0
145.5891156462585 0 0 0 0 -1
145.98385487528344 0 0 -1 0 0
146.1231746031746 0 0 0 -1 -1
146.28571428571428 0 0 -1 -1 0
146.6572335600907 0 0 0 0 -1
146.79655328798185 0 0 -1 0 0
146.98231292517008 0 -1 0 -1 0
147.4699319727891 0 -1 0 0 0
147.67891156462585 0 0 -1 0 -1
147.7950113378685 0 0 -1 -1 0
147.98077097505669 0 -1 -1 0 0
148.14331065759637 0 0 -1 0 -1
148.30585034013606 0 -1 0 0 -1
148.46839002267575 0 -1 -1 0 0
149.30430839002267 0 -1 0 0 -1
149.46684807256236 0 -1 -1 0 0
150.3027664399093 0 -1 0 0 -1
150.465306122449 0 -1 0 0 0
150.79038548752834 0 -1 0 0 -1
150.97614512471657 0 -1 -1 0 0
151.09224489795918 0 0 0 -1 0
151.25478458049886 0 -1 0 0 -1
151.4637641723356 0 -1 0 0 0
151.78884353741498 0 0 -1 0 -1
152.06748299319727 0 0 -1 0 -1
152.23002267573696 0 0 0 -1 0
152.4622222222222 0 -1 -1 0 0
152.81052154195012 0 -1 -1 0 0
152.97306122448978 0 -1 -1 0 0
153.13560090702947 0 0 0 -1 -1
153.46068027210885 0 -1 0 0 -1
153.66965986394558 0 0 0 -1 -1
153.80897959183673 0 -1 0 0 -1
154.1340589569161 0 0 0 -1 0
154.2965986394558 0 0 -1 0 0
154.482358276644 0 -1 -1 0 0
154.6681179138322 0 0 0 0 -1
155.27183673469386 0 -1 0 -1 0
155.57369614512473 0 0 0 -1 -1
155.68979591836734 0 0 -1 -1 0
156.2702947845805 0 -1 0 -1 0
156.8043537414966 0 0 -1 -1 0
156.9901133786848 0 -1 0 0 -1
157.1526530612245 0 0 -1 -1 0
157.29197278911565 0 -1 0 0 -1
157.47773242630385 0 -1 0 0 0
157.64027210884353 0 0 0 0 -1
157.80281179138322 0 0 -1 -1 0
158.29043083900225 0 0 -1 -1 0
158.47619047619048 0 -1 0 0 0
158.63873015873017 0 0 0 -1 0
158.80126984126983 0 -1 0 -1 0
159.26566893424035 0 0 -1 0 0
159.4746485260771 0 -1 0 0 0
159.79972789115646 0 0 -1 1 0
160.31056689342404 0 -1 -1 1 0
160.47310657596373 0 -1 0 1 0
160.9839455782313 0 -1 0 -1 0
161.7966439909297 0 -1 0 0 -1
161.9824036281179 0 -1 0 0 -1
162.12172335600906 0 0 0 -1 -1
162.28426303854874 0 0 -1 -1 0
162.79510204081632 0 0 -1 0 0
162.98086167800454 0 -1 0 -1 0
163.46848072562358 0 -1 0 0 0
163.67746031746032 0 0 -1 -1 0
163.79356009070295 0 0 -1 -1 0
163.95609977324264 0 -1 -1 0 0
164.07219954648525 0 0 -1 0 -1
164.30439909297053 0 -1 0 0 -1
164.46693877551022 0 -1 0 -1 0
164.67591836734695 0 0 0 -1 -1
164.79201814058956 0 0 -1 0 0
164.9777777777778 0 -1 0 0 -1
165.14031746031745 0 0 0 -1 -1
165.46539682539682 0 -1 -1 0 0
165.7904761904762 0 0 -1 0 0
165.9762358276644 0 -1 0 -1 0
166.46385487528346 0 -1 0 0 0
166.62639455782312 0 0 0 -1 0
166.81215419501135 0 0 -1 0 0
167.09079365079364 0 0 0 -1 -1
167.29977324263038 0 -1 0 -1 0
167.46231292517007 0 -1 0 0 0
167.6712925170068 -1 0 0 0 0
167.78739229024944 0 -1 0 -1 0
167.9499319727891 0 -1 0 -1 0
168.13569160997733 0 0 -1 0 0
168.29823129251702 0 -1 0 -1 0
168.46077097505668 0 -1 -1 0 0
168.6465306122449 0 -1 0 -1 0
168.8090702947846 0 -1 0 -1 0
168.97160997732425 0 -1 -1 0 0
169.621768707483 0 0 0 -1 0
169.8075283446712 0 0 -1 -1 0
169.97006802721089 0 -1 0 -1 0
170.10938775510203 0 0 0 -1 0
170.29514739229026 0 0 -1 0 0
170.48090702947846 0 -1 0 -1 0
170.73632653061225 0 0 -1 0 -1
170.9685260770975 0 -1 0 -1 0
171.9437641723356 0 -1 0 0 -1
172.05986394557823 0 0 -1 0 -1
172.2920634920635 0 -1 0 -1 0
172.45460317460316 0 -1 -1 0 0
172.6635827664399 0 0 -1 0 -1
172.8261224489796 0 -1 0 0 -1
173.4762811791383 0 -1 0 0 -1
173.6156009070295 0 0 0 -1 0
173.98712018140588 0 -1 -1 0 0
174.10321995464852 0 0 0 -1 -1
174.82303854875283 0 0 -1 0 0
175.12489795918367 0 0 -1 0 -1
175.47319727891156 0 -1 -1 0 0
175.6821768707483 0 0 0 -1 -1
175.79827664399093 0 0 -1 0 0
175.96081632653062 0 -1 -1 0 0
176.14657596371882 0 -1 0 0 -1
176.28589569160997 0 -1 0 0 -1
176.4716553287982 0 -1 0 0 0
176.6574149659864 0 0 0 -1 -1
176.77351473922903 0 -1 0 0 -1
176.91283446712018 0 0 0 -1 0
177.05215419501133 0 0 0 -1 0
177.70231292517008 0 0 0 -1 -1
177.8184126984127 0 0 -1 0 0
177.95773242630386 0 -1 0 0 -1
178.07383219954647 0 0 0 -1 -1
178.46857142857144 0 -1 -1 0 0
178.63111111111112 0 0 -1 -1 0
178.77043083900227 0 -1 0 0 -1
178.979410430839 0 0 -1 0 0
179.1419501133787 0 0 -1 -1 0
179.30448979591836 0 0 -1 -1 0
179.46702947845804 0 -1 0 0 0
179.79210884353742 0 0 -1 -1 0
180.07074829931972 0 0 0 -1 -1
180.302947845805 0 -1 0 0 -1
180.41904761904763 0 -1 0 0 0
180.55836734693878 0 0 0 -1 -1
180.79056689342403 0 0 -1 0 0
181.3014058956916 0 -1 0 0 -1
181.48716553287983 0 -1 0 0 -1
181.6497052154195 0 0 -1 0 -1
181.97478458049886 0 -1 0 -1 0
182.0908843537415 0 0 -1 0 -1
182.29986394557824 0 0 -1 -1 0
182.46240362811793 0 -1 -1 0 0
182.57850340136054 0 0 0 -1 0
182.9732426303855 0 0 -1 -1 0
183.32154195011339 0 0 -1 0 0
183.48408163265307 0 -1 0 -1 0
183.9717006802721 0 -1 0 0 -1
184.25034013605443 0 -1 0 -1 0
185.48099773242632 0 -1 0 -1 0
185.96861678004535 0 -1 0 0 -1
186.2704761904762 0 0 -1 -1 0
186.43301587301588 0 -1 0 -1 0
186.85097505668935 0 0 -1 0 -1
186.96707482993196 0 -1 0 0 -1
187.7797732426304 0 0 -1 -1 0
187.94231292517006 0 -1 -1 0 0
188.10485260770974 0 0 -1 0 -1
188.29061224489797 0 -1 0 -1 0
188.42993197278912 0 -1 -1 0 0
188.63891156462586 0 0 -1 -1 0
189.73024943310656 0 -1 0 -1 0
190.101768707483 0 0 0 -1 0
190.84480725623584 0 0 -1 0 0
190.984126984127 0 -1 0 0 -1
191.47174603174602 0 -1 -1 0 0
191.91292517006804 0 -1 0 0 -1
192.26122448979592 0 0 -1 0 0
192.795283446712 0 -1 0 0 -1
193.5847619047619 0 0 0 -1 -1
193.70086167800454 0 0 -1 0 -1
193.81696145124715 0 0 -1 -1 0
193.97950113378684 0 -1 0 -1 0
194.11882086167802 0 0 0 -1 -1
194.30458049886622 0 -1 -1 0 0
194.6296598639456 0 0 0 -1 0
194.79219954648525 0 -1 0 0 -1
194.97795918367348 0 0 -1 0 0
195.90675736961452 0 0 -1 0 -1
196.06929705215418 0 0 0 -1 0
196.2550566893424 0 -1 0 -1 0
196.4408163265306 0 -1 0 -1 0
196.58013605442176 0 0 -1 -1 0
196.97487528344672 0 -1 -1 0 0
197.46249433106576 0 -1 -1 0 0
197.62503401360544 0 0 -1 0 0
197.95011337868482 0 -1 0 0 0
198.08943310657597 0 0 -1 0 0
198.25197278911565 0 -1 0 0 -1
198.43773242630385 0 -1 0 -1 0
198.62349206349205 0 -1 0 0 -1
198.80925170068028 0 0 -1 0 0
198.97179138321997 0 -1 0 -1 0
200.99192743764172 0 -1 -1 0 0
201.80462585034013 0 0 -1 0 0
202.0368253968254 0 -1 0 0 -1
202.17614512471656 0 0 -1 -1 0
203.03528344671201 0 -1 0 0 0
203.1978231292517 0 0 -1 0 1
203.49968253968254 0 -1 0 0 1
203.96408163265306 0 -1 0 0 1
204.2659410430839 0 -1 0 0 0
204.47492063492064 0 -1 0 0 0
204.77678004535147 0 0 -1 0 -1
205.12507936507936 0 0 0 -1 -1
205.28761904761905 0 -1 0 0 0
205.40371882086168 0 -1 0 0 0
205.75201814058957 0 0 -1 0 0
205.9609977324263 0 0 -1 -1 0
206.2396371882086 0 -1 0 0 -1
207.67927437641723 0 0 -1 0 0
207.8185941043084 0 0 0 -1 -1
207.934693877551 0 -1 0 -1 0
208.0740136054422 0 0 0 -1 0
208.23655328798185 0 -1 -1 0 0
208.39909297052154 0 -1 0 -1 0
208.51519274376417 0 0 -1 -1 0
208.86349206349206 0 0 -1 -1 0
208.9795918367347 0 -1 0 0 -1
209.30467120181405 0 0 -1 -1 0
209.46721088435373 0 -1 0 0 0
210.00126984126985 0 -1 0 0 -1
210.48888888888888 0 0 -1 -1 0
210.65142857142857 0 0 0 -1 0
211.23192743764173 0 -1 0 0 0
211.46412698412698 0 -1 1 0 0
211.95174603174604 0 -1 1 -1 0
212.25360544217688 0 -1 1 0 0
212.4625850340136 0 -1 1 1 0
212.95020408163265 0 -1 1 1 0
213.11274376417234 0 0 -1 1 -1
213.67002267573696 0 0 -1 1 -1
214.32018140589568 0 -1 0 1 -1
214.45950113378686 0 0 -1 0 0
214.62204081632652 0 -1 0 0 -1
214.80780045351474 0 0 -1 0 0
214.97034013605443 0 -1 0 0 0
215.27219954648527 0 -1 0 -1 0
215.87591836734694 0 -1 0 0 -1
216.03845804988663 0 -1 0 0 -1
216.29387755102042 0 -1 0 0 0
216.4796371882086 0 -1 -1 0 0
216.68861678004535 0 0 -1 -1 0
216.96725623582768 0 -1 -1 0 0
217.68707482993196 0 0 0 -1 -1
218.12825396825397 0 0 0 -1 0
218.47655328798186 0 -1 -1 0 0
218.63909297052155 0 0 0 0 -1
218.80163265306123 0 -1 0 -1 0
218.96417233560092 0 -1 0 -1 0
219.08027210884353 0 0 0 0 -1
219.26603174603176 0 -1 0 0 -1
220.2877097505669 0 -1 0 -1 0
220.79854875283448 0 0 -1 0 0
221.14684807256236 0 0 0 -1 0
221.2861678004535 0 0 -1 0 0
222.30784580498866 0 0 -1 -1 0
222.63292517006803 0 0 0 -1 0
222.98122448979592 0 -1 0 -1 0
223.16698412698412 0 0 0 -1 -1
223.3063038548753 0 0 -1 -1 0
223.81714285714287 0 0 -1 0 0
224.3047619047619 0 -1 -1 0 0
224.4673015873016 0 -1 0 0 0
224.58340136054423 0 0 0 -1 -1
224.97814058956916 0 -1 0 -1 0
225.25678004535146 0 0 0 -1 0
225.4657596371882 0 -1 0 -1 0
225.58185941043084 0 0 0 0 -1
225.8140589569161 0 0 -1 0 0
226.30167800453515 0 0 -1 -1 0
226.46421768707484 0 -1 0 0 0
226.69641723356008 0 0 0 0 -1
226.81251700680272 0 0 -1 -1 0
228.0431746031746 0 0 0 -1 -1
228.2985941043084 0 -1 0 0 -1
228.46113378684808 0 -1 0 0 -1
228.73977324263038 0 0 -1 -1 0
228.97197278911565 0 -1 0 0 -1
229.1112925170068 0 0 0 -1 0
229.297052154195 0 -1 0 0 -1
229.48281179138323 0 -1 0 0 -1
229.97043083900226 0 -1 0 -1 0
230.29551020408164 0 0 -1 -1 0
230.48126984126984 0 -1 -1 0 0
231.0849886621315 0 0 0 -1 -1
231.27074829931973 0 0 -1 0 0
231.47972789115647 0 -1 0 0 0
231.80480725623582 0 0 -1 -1 0
232.29242630385488 0 -1 -1 0 0
233.31410430839003 0 0 0 -1 -1
233.61596371882086 0 0 0 0 -1
233.96426303854875 0 0 -1 0 0
234.12680272108844 0 0 0 -1 0
234.8001814058957 0 -1 0 -1 0
234.9627210884354 0 -1 0 0 -1
235.26458049886622 0 -1 0 -1 0
235.47356009070296 0 -1 0 0 0
235.961179138322 0 -1 -1 0 0
236.12371882086168 0 0 0 0 -1
236.28625850340137 0 -1 0 -1 0
236.88997732426304 0 0 -1 0 -1
237.16861678004534 0 0 0 -1 -1
237.30793650793652 0 0 -1 0 0
237.8187755102041 0 0 -1 -1 0
238.30639455782313 0 0 -1 -1 0
238.4689342403628 0 -1 0 0 0
238.6314739229025 0 0 0 -1 0
238.7940136054422 0 -1 0 0 -1
239.16553287981858 0 0 0 -1 -1
239.32807256235827 0 0 -1 -1 0
239.46739229024942 0 -1 0 0 0
239.58349206349206 0 0 0 -1 -1
239.81569160997734 0 0 -1 0 0
240.46585034013606 0 -1 0 0 0
240.81414965986394 0 0 -1 -1 0
240.97668934240363 0 -1 0 -1 0
241.25532879818593 0 0 0 -1 0
241.81260770975058 0 0 -1 0 0
242.13768707482993 0 0 0 -1 -1
242.30022675736961 0 0 -1 0 0
242.4627664399093 0 -1 0 0 0
242.625306122449 0 0 0 0 -1
242.8110657596372 0 0 -1 0 0
243.11292517006802 0 0 0 -1 0
243.4612244897959 0 -1 0 0 0
244.11138321995466 0 0 0 -1 0
244.29714285714286 0 -1 0 0 -1
244.48290249433106 0 -1 0 -1 0
244.7847619047619 0 0 -1 -1 0
244.97052154195012 0 0 -1 0 0
245.1330612244898 0 0 0 -1 -1
245.29560090702947 0 0 -1 0 0
245.4813605442177 0 -1 0 -1 0
245.80643990929704 0 0 -1 0 0
245.96897959183673 0 -1 0 0 -1
246.08507936507937 0 0 -1 0 -1
246.201179138322 0 0 0 0 -1
246.642358276644 0 0 0 -1 -1
246.78167800453514 0 0 -1 0 0
246.96743764172336 0 0 -1 0 0
247.08353741496597 0 0 -1 0 -1
247.31573696145125 0 0 -1 -1 0
247.47827664399094 0 -1 0 -1 0
247.68725623582768 0 0 -1 0 -1
247.80335600907028 0 -1 0 0 -1
247.96589569160997 0 -1 -1 0 0
248.1516553287982 0 -1 0 0 -1
248.29097505668935 0 -1 -1 0 0
248.47673469387755 0 -1 -1 0 0
248.63927437641723 0 0 -1 -1 0
248.80181405895692 0 -1 -1 0 0
248.9643537414966 0 -1 -1 0 0
249.98603174603176 0 0 0 -1 0
250.75229024943312 0 0 0 0 -1
250.96126984126985 0 -1 0 -1 0
251.33278911564625 0 -1 0 -1 0
251.93650793650792 0 0 0 0 -1
252.05260770975056 0 0 0 0 -1
252.4473469387755 0 -1 0 0 0
252.58666666666667 0 0 -1 0 1
252.9814058956916 0 -1 -1 0 1
253.46902494331067 0 -1 0 0 1
253.79410430839002 0 0 -1 0 0
254.32816326530613 0 -1 -1 0 0
254.56036281179138 0 0 0 -1 0
254.8390022675737 0 0 -1 0 -1
255.0015419501134 0 -1 -1 0 0
255.16408163265305 0 0 -1 0 0
255.4659410430839 0 -1 0 0 0
255.79102040816326 0 -1 0 0 0
257.2538775510204 -1 0 0 0 0
257.6021768707483 0 0 0 0 -1
257.7182766439909 -1 0 0 0 0
258.7631746031746 -1 0 0 0 0
259.1114739229025 -1 0 0 0 0
259.59909297052155 -1 0 0 0 0