2.089795918367347 0 -1 0 0 0
2.2058956916099772 0 1 -1 -1 0
2.36843537414966 0 1 -1 0 0
2.670294784580499 0 1 -1 0 0
3.250793650793651 0 -1 0 0 0
3.436553287981859 0 0 1 -1 -1
3.5526530612244898 0 -1 1 -1 0
4.017052154195011 0 0 1 -1 0
4.295691609977324 0 0 1 -1 0
4.458231292517007 0 -1 0 -1 0
4.6439909297052155 0 0 -1 0 -1
4.899410430839002 0 0 -1 0 -1
5.178049886621316 -1 0 0 0 0
5.363809523809524 0 -1 0 -1 0
6.176507936507937 0 0 0 -1 -1
6.5712471655328795 0 -1 0 0 -1
6.733786848072563 -1 0 0 0 0
6.873106575963718 0 -1 -1 0 0
7.174965986394557 0 0 -1 0 0
7.75546485260771 0 -1 0 0 0
8.962902494331066 0 -1 -1 0 0
9.079002267573696 0 0 0 0 -1